0 1 1
0.001 1.07244 0.972423
0.002 1.13823 0.947512
0.003 1.19797 0.925016
0.004 1.25226 0.904708
0.005 1.30159 0.88638
0.006 1.34645 0.869847
0.007 1.38724 0.854939
0.008 1.42435 0.841504
0.009 1.45814 0.829402
0.01 1.48891 0.818508
0.011 1.51694 0.808708
0.012 1.5425 0.7999
0.013 1.56583 0.791989
0.014 1.58712 0.784891
0.015 1.60657 0.77853
0.016 1.62436 0.772836
0.017 1.64064 0.767746
0.018 1.65556 0.763204
0.019 1.66924 0.759158
0.02 1.6818 0.755562
0.021 1.69335 0.752372
0.022 1.70398 0.749551
0.023 1.71377 0.747064
0.024 1.72282 0.74488
0.025 1.73118 0.742969
0.026 1.73892 0.741308
0.027 1.74611 0.739871
0.028 1.75279 0.738638
0.029 1.75901 0.73759
0.03 1.76482 0.736709
0.031 1.77025 0.73598
0.032 1.77534 0.735389
0.033 1.78012 0.734922
0.034 1.78463 0.734567
0.035 1.78888 0.734316
0.036 1.7929 0.734157
0.037 1.79672 0.734082
0.038 1.80035 0.734083
0.039 1.80381 0.734153
0.04 1.80712 0.734286
0.041 1.81029 0.734476
0.042 1.81334 0.734718
0.043 1.81627 0.735006
0.044 1.8191 0.735337
0.045 1.82183 0.735706
0.046 1.82449 0.73611
0.047 1.82706 0.736545
0.048 1.82957 0.73701
0.049 1.83202 0.7375
0.05 1.83441 0.738015
0.051 1.83675 0.738551
0.052 1.83905 0.739106
0.053 1.8413 0.73968
0.054 1.84352 0.740269
0.055 1.84571 0.740874
0.056 1.84786 0.741492
0.057 1.84999 0.742122
0.058 1.85209 0.742763
0.059 1.85418 0.743414
0.06 1.85624 0.744075
0.061 1.85829 0.744744
0.062 1.86031 0.745421
0.063 1.86233 0.746106
0.064 1.86433 0.746796
0.065 1.86632 0.747493
0.066 1.86831 0.748195
0.067 1.87028 0.748902
0.068 1.87225 0.749613
0.069 1.8742 0.750329
0.07 1.87616 0.751049
0.071 1.8781 0.751773
0.072 1.88005 0.752499
0.073 1.88198 0.753229
0.074 1.88392 0.753962
0.075 1.88585 0.754698
0.076 1.88778 0.755436
0.077 1.88971 0.756176
0.078 1.89163 0.756919
0.079 1.89356 0.757663
0.08 1.89548 0.75841
0.081 1.8974 0.759158
0.082 1.89932 0.759909
0.083 1.90125 0.76066
0.084 1.90317 0.761414
0.085 1.90509 0.762168
0.086 1.90701 0.762925
0.087 1.90893 0.763682
0.088 1.91086 0.764441
0.089 1.91278 0.765201
0.09 1.9147 0.765963
0.091 1.91663 0.766725
0.092 1.91856 0.767489
0.093 1.92048 0.768253
0.094 1.92241 0.769019
0.095 1.92434 0.769786
0.096 1.92627 0.770554
0.097 1.92821 0.771323
0.098 1.93014 0.772092
0.099 1.93207 0.772863
0.1 1.93401 0.773635
0.101 1.93595 0.774407
0.102 1.93789 0.775181
0.103 1.93983 0.775955
0.104 1.94178 0.77673
0.105 1.94372 0.777507
0.106 1.94567 0.778284
0.107 1.94762 0.779062
0.108 1.94957 0.77984
0.109 1.95152 0.78062
0.11 1.95347 0.7814
0.111 1.95543 0.782182
0.112 1.95739 0.782964
0.113 1.95935 0.783747
0.114 1.96131 0.78453
0.115 1.96327 0.785315
0.116 1.96524 0.7861
0.117 1.9672 0.786886
0.118 1.96917 0.787673
0.119 1.97114 0.788461
0.12 1.97311 0.78925
0.121 1.97509 0.790039
0.122 1.97707 0.79083
0.123 1.97904 0.791621
0.124 1.98102 0.792413
0.125 1.98301 0.793205
0.126 1.98499 0.793999
0.127 1.98698 0.794793
0.128 1.98897 0.795588
0.129 1.99096 0.796384
0.13 1.99295 0.797181
0.131 1.99494 0.797978
0.132 1.99694 0.798776
0.133 1.99894 0.799576
0.134 2.00094 0.800375
0.135 2.00294 0.801176
0.136 2.00494 0.801978
0.137 2.00695 0.80278
0.138 2.00896 0.803583
0.139 2.01097 0.804387
0.14 2.01298 0.805192
0.141 2.01499 0.805998
0.142 2.01701 0.806804
0.143 2.01903 0.807611
0.144 2.02105 0.808419
0.145 2.02307 0.809228
0.146 2.02509 0.810037
0.147 2.02712 0.810848
0.148 2.02915 0.811659
0.149 2.03118 0.812471
0.15 2.03321 0.813284
0.151 2.03524 0.814098
0.152 2.03728 0.814912
0.153 2.03932 0.815728
0.154 2.04136 0.816544
0.155 2.0434 0.817361
0.156 2.04545 0.818178
0.157 2.04749 0.818997
0.158 2.04954 0.819816
0.159 2.05159 0.820637
0.16 2.05364 0.821458
0.161 2.0557 0.82228
0.162 2.05776 0.823102
0.163 2.05981 0.823926
0.164 2.06187 0.82475
0.165 2.06394 0.825575
0.166 2.066 0.826401
0.167 2.06807 0.827228
0.168 2.07014 0.828056
0.169 2.07221 0.828884
0.17 2.07428 0.829713
0.171 2.07636 0.830544
0.172 2.07844 0.831374
0.173 2.08052 0.832206
0.174 2.0826 0.833039
0.175 2.08468 0.833872
0.176 2.08677 0.834707
0.177 2.08885 0.835542
0.178 2.09094 0.836378
0.179 2.09304 0.837215
0.18 2.09513 0.838052
0.181 2.09723 0.838891
0.182 2.09932 0.83973
0.183 2.10143 0.84057
0.184 2.10353 0.841411
0.185 2.10563 0.842253
0.186 2.10774 0.843096
0.187 2.10985 0.843939
0.188 2.11196 0.844783
0.189 2.11407 0.845629
0.19 2.11619 0.846475
0.191 2.1183 0.847322
0.192 2.12042 0.848169
0.193 2.12254 0.849018
0.194 2.12467 0.849867
0.195 2.12679 0.850718
0.196 2.12892 0.851569
0.197 2.13105 0.852421
0.198 2.13318 0.853274
0.199 2.13532 0.854127
0.2 2.13745 0.854982
0.201 2.13959 0.855837
0.202 2.14173 0.856694
0.203 2.14388 0.857551
0.204 2.14602 0.858409
0.205 2.14817 0.859268
0.206 2.15032 0.860127
0.207 2.15247 0.860988
0.208 2.15462 0.861849
0.209 2.15678 0.862711
0.21 2.15894 0.863575
0.211 2.1611 0.864439
0.212 2.16326 0.865304
0.213 2.16542 0.866169
0.214 2.16759 0.867036
0.215 2.16976 0.867903
0.216 2.17193 0.868772
0.217 2.1741 0.869641
0.218 2.17628 0.870511
0.219 2.17845 0.871382
0.22 2.18063 0.872254
0.221 2.18282 0.873126
0.222 2.185 0.874
0.223 2.18719 0.874874
0.224 2.18937 0.87575
0.225 2.19156 0.876626
0.226 2.19376 0.877503
0.227 2.19595 0.878381
0.228 2.19815 0.87926
0.229 2.20035 0.880139
0.23 2.20255 0.88102
0.231 2.20475 0.881901
0.232 2.20696 0.882784
0.233 2.20917 0.883667
0.234 2.21138 0.884551
0.235 2.21359 0.885436
0.236 2.21581 0.886322
0.237 2.21802 0.887209
0.238 2.22024 0.888096
0.239 2.22246 0.888985
0.24 2.22469 0.889874
0.241 2.22691 0.890765
0.242 2.22914 0.891656
0.243 2.23137 0.892548
0.244 2.2336 0.893441
0.245 2.23584 0.894335
0.246 2.23807 0.89523
0.247 2.24031 0.896125
0.248 2.24255 0.897022
0.249 2.2448 0.897919
0.25 2.24704 0.898818
0.251 2.24929 0.899717
0.252 2.25154 0.900617
0.253 2.2538 0.901518
0.254 2.25605 0.90242
0.255 2.25831 0.903323
0.256 2.26057 0.904227
0.257 2.26283 0.905132
0.258 2.26509 0.906037
0.259 2.26736 0.906944
0.26 2.26963 0.907851
0.261 2.2719 0.908759
0.262 2.27417 0.909669
0.263 2.27645 0.910579
0.264 2.27872 0.91149
0.265 2.281 0.912402
0.266 2.28329 0.913315
0.267 2.28557 0.914228
0.268 2.28786 0.915143
0.269 2.29015 0.916059
0.27 2.29244 0.916975
0.271 2.29473 0.917893
0.272 2.29703 0.918811
0.273 2.29933 0.91973
0.274 2.30163 0.92065
0.275 2.30393 0.921571
0.276 2.30623 0.922494
0.277 2.30854 0.923416
0.278 2.31085 0.92434
0.279 2.31316 0.925265
0.28 2.31548 0.926191
0.281 2.31779 0.927118
0.282 2.32011 0.928045
0.283 2.32243 0.928974
0.284 2.32476 0.929903
0.285 2.32708 0.930833
0.286 2.32941 0.931765
0.287 2.33174 0.932697
0.288 2.33408 0.93363
0.289 2.33641 0.934564
0.29 2.33875 0.935499
0.291 2.34109 0.936435
0.292 2.34343 0.937372
0.293 2.34577 0.93831
0.294 2.34812 0.939249
0.295 2.35047 0.940188
0.296 2.35282 0.941129
0.297 2.35518 0.942071
0.298 2.35753 0.943013
0.299 2.35989 0.943957
0.3 2.36225 0.944901
0.301 2.36462 0.945847
0.302 2.36698 0.946793
0.303 2.36935 0.94774
0.304 2.37172 0.948688
0.305 2.37409 0.949638
0.306 2.37647 0.950588
0.307 2.37885 0.951539
0.308 2.38123 0.952491
0.309 2.38361 0.953444
0.31 2.38599 0.954398
0.311 2.38838 0.955352
0.312 2.39077 0.956308
0.313 2.39316 0.957265
0.314 2.39556 0.958223
0.315 2.39795 0.959182
0.316 2.40035 0.960141
0.317 2.40275 0.961102
0.318 2.40516 0.962063
0.319 2.40756 0.963026
0.32 2.40997 0.963989
0.321 2.41238 0.964954
0.322 2.4148 0.965919
0.323 2.41721 0.966886
0.324 2.41963 0.967853
0.325 2.42205 0.968821
0.326 2.42448 0.969791
0.327 2.4269 0.970761
0.328 2.42933 0.971732
0.329 2.43176 0.972704
0.33 2.43419 0.973678
0.331 2.43663 0.974652
0.332 2.43907 0.975627
0.333 2.44151 0.976603
0.334 2.44395 0.97758
0.335 2.4464 0.978558
0.336 2.44884 0.979537
0.337 2.45129 0.980517
0.338 2.45375 0.981498
0.339 2.4562 0.98248
0.34 2.45866 0.983463
0.341 2.46112 0.984447
0.342 2.46358 0.985432
0.343 2.46605 0.986418
0.344 2.46851 0.987405
0.345 2.47098 0.988393
0.346 2.47345 0.989382
0.347 2.47593 0.990372
0.348 2.47841 0.991363
0.349 2.48089 0.992354
0.35 2.48337 0.993347
0.351 2.48585 0.994341
0.352 2.48834 0.995336
0.353 2.49083 0.996332
0.354 2.49332 0.997329
0.355 2.49582 0.998326
0.356 2.49831 0.999325
0.357 2.50081 1.00033
0.358 2.50331 1.00133
0.359 2.50582 1.00233
0.36 2.50833 1.00333
0.361 2.51084 1.00433
0.362 2.51335 1.00534
0.363 2.51586 1.00635
0.364 2.51838 1.00735
0.365 2.5209 1.00836
0.366 2.52342 1.00937
0.367 2.52595 1.01038
0.368 2.52847 1.01139
0.369 2.531 1.0124
0.37 2.53354 1.01341
0.371 2.53607 1.01443
0.372 2.53861 1.01544
0.373 2.54115 1.01646
0.374 2.54369 1.01748
0.375 2.54623 1.01849
0.376 2.54878 1.01951
0.377 2.55133 1.02053
0.378 2.55389 1.02155
0.379 2.55644 1.02258
0.38 2.559 1.0236
0.381 2.56156 1.02462
0.382 2.56412 1.02565
0.383 2.56669 1.02667
0.384 2.56925 1.0277
0.385 2.57183 1.02873
0.386 2.5744 1.02976
0.387 2.57697 1.03079
0.388 2.57955 1.03182
0.389 2.58213 1.03285
0.39 2.58472 1.03389
0.391 2.5873 1.03492
0.392 2.58989 1.03596
0.393 2.59248 1.03699
0.394 2.59508 1.03803
0.395 2.59767 1.03907
0.396 2.60027 1.04011
0.397 2.60287 1.04115
0.398 2.60548 1.04219
0.399 2.60808 1.04323
0.4 2.61069 1.04428
0.401 2.61331 1.04532
0.402 2.61592 1.04637
0.403 2.61854 1.04741
0.404 2.62116 1.04846
0.405 2.62378 1.04951
0.406 2.6264 1.05056
0.407 2.62903 1.05161
0.408 2.63166 1.05267
0.409 2.6343 1.05372
0.41 2.63693 1.05477
0.411 2.63957 1.05583
0.412 2.64221 1.05688
0.413 2.64485 1.05794
0.414 2.6475 1.059
0.415 2.65015 1.06006
0.416 2.6528 1.06112
0.417 2.65545 1.06218
0.418 2.65811 1.06324
0.419 2.66077 1.06431
0.42 2.66343 1.06537
0.421 2.6661 1.06644
0.422 2.66876 1.06751
0.423 2.67144 1.06857
0.424 2.67411 1.06964
0.425 2.67678 1.07071
0.426 2.67946 1.07178
0.427 2.68214 1.07286
0.428 2.68483 1.07393
0.429 2.68751 1.075
0.43 2.6902 1.07608
0.431 2.69289 1.07716
0.432 2.69559 1.07823
0.433 2.69828 1.07931
0.434 2.70098 1.08039
0.435 2.70369 1.08147
0.436 2.70639 1.08256
0.437 2.7091 1.08364
0.438 2.71181 1.08472
0.439 2.71452 1.08581
0.44 2.71724 1.0869
0.441 2.71996 1.08798
0.442 2.72268 1.08907
0.443 2.7254 1.09016
0.444 2.72813 1.09125
0.445 2.73086 1.09234
0.446 2.73359 1.09344
0.447 2.73633 1.09453
0.448 2.73906 1.09563
0.449 2.7418 1.09672
0.45 2.74455 1.09782
0.451 2.74729 1.09892
0.452 2.75004 1.10002
0.453 2.75279 1.10112
0.454 2.75555 1.10222
0.455 2.7583 1.10332
0.456 2.76106 1.10443
0.457 2.76383 1.10553
0.458 2.76659 1.10664
0.459 2.76936 1.10774
0.46 2.77213 1.10885
0.461 2.7749 1.10996
0.462 2.77768 1.11107
0.463 2.78046 1.11218
0.464 2.78324 1.1133
0.465 2.78602 1.11441
0.466 2.78881 1.11552
0.467 2.7916 1.11664
0.468 2.7944 1.11776
0.469 2.79719 1.11888
0.47 2.79999 1.12
0.471 2.80279 1.12112
0.472 2.8056 1.12224
0.473 2.8084 1.12336
0.474 2.81121 1.12448
0.475 2.81402 1.12561
0.476 2.81684 1.12674
0.477 2.81966 1.12786
0.478 2.82248 1.12899
0.479 2.8253 1.13012
0.48 2.82813 1.13125
0.481 2.83096 1.13238
0.482 2.83379 1.13352
0.483 2.83663 1.13465
0.484 2.83947 1.13579
0.485 2.84231 1.13692
0.486 2.84515 1.13806
0.487 2.848 1.1392
0.488 2.85085 1.14034
0.489 2.8537 1.14148
0.49 2.85655 1.14262
0.491 2.85941 1.14376
0.492 2.86227 1.14491
0.493 2.86514 1.14605
0.494 2.868 1.1472
0.495 2.87087 1.14835
0.496 2.87374 1.1495
0.497 2.87662 1.15065
0.498 2.8795 1.1518
0.499 2.88238 1.15295
0.5 2.88526 1.1541
0.501 2.88815 1.15526
0.502 2.89104 1.15642
0.503 2.89393 1.15757
0.504 2.89683 1.15873
0.505 2.89972 1.15989
0.506 2.90263 1.16105
0.507 2.90553 1.16221
0.508 2.90844 1.16337
0.509 2.91135 1.16454
0.51 2.91426 1.1657
0.511 2.91718 1.16687
0.512 2.92009 1.16804
0.513 2.92302 1.16921
0.514 2.92594 1.17038
0.515 2.92887 1.17155
0.516 2.9318 1.17272
0.517 2.93473 1.17389
0.518 2.93767 1.17507
0.519 2.94061 1.17624
0.52 2.94355 1.17742
0.521 2.94649 1.1786
0.522 2.94944 1.17978
0.523 2.95239 1.18096
0.524 2.95535 1.18214
0.525 2.9583 1.18332
0.526 2.96126 1.18451
0.527 2.96423 1.18569
0.528 2.96719 1.18688
0.529 2.97016 1.18806
0.53 2.97313 1.18925
0.531 2.97611 1.19044
0.532 2.97908 1.19163
0.533 2.98206 1.19283
0.534 2.98505 1.19402
0.535 2.98803 1.19521
0.536 2.99102 1.19641
0.537 2.99402 1.19761
0.538 2.99701 1.1988
0.539 3.00001 1.2
0.54 3.00301 1.2012
0.541 3.00602 1.20241
0.542 3.00902 1.20361
0.543 3.01203 1.20481
0.544 3.01505 1.20602
0.545 3.01806 1.20723
0.546 3.02108 1.20843
0.547 3.02411 1.20964
0.548 3.02713 1.21085
0.549 3.03016 1.21206
0.55 3.03319 1.21328
0.551 3.03623 1.21449
0.552 3.03927 1.21571
0.553 3.04231 1.21692
0.554 3.04535 1.21814
0.555 3.0484 1.21936
0.556 3.05145 1.22058
0.557 3.0545 1.2218
0.558 3.05756 1.22302
0.559 3.06061 1.22425
0.56 3.06368 1.22547
0.561 3.06674 1.2267
0.562 3.06981 1.22792
0.563 3.07288 1.22915
0.564 3.07596 1.23038
0.565 3.07903 1.23161
0.566 3.08211 1.23285
0.567 3.0852 1.23408
0.568 3.08828 1.23531
0.569 3.09137 1.23655
0.57 3.09447 1.23779
0.571 3.09756 1.23903
0.572 3.10066 1.24026
0.573 3.10376 1.24151
0.574 3.10687 1.24275
0.575 3.10998 1.24399
0.576 3.11309 1.24524
0.577 3.1162 1.24648
0.578 3.11932 1.24773
0.579 3.12244 1.24898
0.58 3.12557 1.25023
0.581 3.12869 1.25148
0.582 3.13182 1.25273
0.583 3.13496 1.25398
0.584 3.13809 1.25524
0.585 3.14123 1.25649
0.586 3.14438 1.25775
0.587 3.14752 1.25901
0.588 3.15067 1.26027
0.589 3.15382 1.26153
0.59 3.15698 1.26279
0.591 3.16014 1.26406
0.592 3.1633 1.26532
0.593 3.16646 1.26659
0.594 3.16963 1.26785
0.595 3.1728 1.26912
0.596 3.17598 1.27039
0.597 3.17916 1.27166
0.598 3.18234 1.27293
0.599 3.18552 1.27421
0.6 3.18871 1.27548
0.601 3.1919 1.27676
0.602 3.19509 1.27804
0.603 3.19829 1.27932
0.604 3.20149 1.2806
0.605 3.20469 1.28188
0.606 3.2079 1.28316
0.607 3.21111 1.28444
0.608 3.21432 1.28573
0.609 3.21754 1.28701
0.61 3.22075 1.2883
0.611 3.22398 1.28959
0.612 3.2272 1.29088
0.613 3.23043 1.29217
0.614 3.23366 1.29347
0.615 3.2369 1.29476
0.616 3.24014 1.29606
0.617 3.24338 1.29735
0.618 3.24662 1.29865
0.619 3.24987 1.29995
0.62 3.25312 1.30125
0.621 3.25638 1.30255
0.622 3.25964 1.30385
0.623 3.2629 1.30516
0.624 3.26616 1.30647
0.625 3.26943 1.30777
0.626 3.2727 1.30908
0.627 3.27598 1.31039
0.628 3.27925 1.3117
0.629 3.28253 1.31301
0.63 3.28582 1.31433
0.631 3.28911 1.31564
0.632 3.2924 1.31696
0.633 3.29569 1.31828
0.634 3.29899 1.3196
0.635 3.30229 1.32092
0.636 3.30559 1.32224
0.637 3.3089 1.32356
0.638 3.31221 1.32488
0.639 3.31552 1.32621
0.64 3.31884 1.32754
0.641 3.32216 1.32886
0.642 3.32549 1.33019
0.643 3.32881 1.33153
0.644 3.33214 1.33286
0.645 3.33548 1.33419
0.646 3.33881 1.33553
0.647 3.34215 1.33686
0.648 3.3455 1.3382
0.649 3.34885 1.33954
0.65 3.3522 1.34088
0.651 3.35555 1.34222
0.652 3.35891 1.34356
0.653 3.36227 1.34491
0.654 3.36563 1.34625
0.655 3.369 1.3476
0.656 3.37237 1.34895
0.657 3.37574 1.3503
0.658 3.37912 1.35165
0.659 3.3825 1.353
0.66 3.38589 1.35435
0.661 3.38927 1.35571
0.662 3.39267 1.35707
0.663 3.39606 1.35842
0.664 3.39946 1.35978
0.665 3.40286 1.36114
0.666 3.40626 1.36251
0.667 3.40967 1.36387
0.668 3.41308 1.36523
0.669 3.4165 1.3666
0.67 3.41992 1.36797
0.671 3.42334 1.36933
0.672 3.42676 1.3707
0.673 3.43019 1.37208
0.674 3.43362 1.37345
0.675 3.43706 1.37482
0.676 3.4405 1.3762
0.677 3.44394 1.37758
0.678 3.44738 1.37895
0.679 3.45083 1.38033
0.68 3.45429 1.38171
0.681 3.45774 1.3831
0.682 3.4612 1.38448
0.683 3.46466 1.38587
0.684 3.46813 1.38725
0.685 3.4716 1.38864
0.686 3.47507 1.39003
0.687 3.47855 1.39142
0.688 3.48203 1.39281
0.689 3.48551 1.39421
0.69 3.489 1.3956
0.691 3.49249 1.397
0.692 3.49599 1.39839
0.693 3.49948 1.39979
0.694 3.50299 1.40119
0.695 3.50649 1.4026
0.696 3.51 1.404
0.697 3.51351 1.4054
0.698 3.51703 1.40681
0.699 3.52054 1.40822
0.7 3.52407 1.40963
0.701 3.52759 1.41104
0.702 3.53112 1.41245
0.703 3.53466 1.41386
0.704 3.53819 1.41528
0.705 3.54173 1.41669
0.706 3.54528 1.41811
0.707 3.54882 1.41953
0.708 3.55237 1.42095
0.709 3.55593 1.42237
0.71 3.55948 1.42379
0.711 3.56305 1.42522
0.712 3.56661 1.42664
0.713 3.57018 1.42807
0.714 3.57375 1.4295
0.715 3.57733 1.43093
0.716 3.58091 1.43236
0.717 3.58449 1.4338
0.718 3.58807 1.43523
0.719 3.59166 1.43667
0.72 3.59526 1.4381
0.721 3.59886 1.43954
0.722 3.60246 1.44098
0.723 3.60606 1.44242
0.724 3.60967 1.44387
0.725 3.61328 1.44531
0.726 3.61689 1.44676
0.727 3.62051 1.44821
0.728 3.62414 1.44965
0.729 3.62776 1.4511
0.73 3.63139 1.45256
0.731 3.63502 1.45401
0.732 3.63866 1.45546
0.733 3.6423 1.45692
0.734 3.64595 1.45838
0.735 3.64959 1.45984
0.736 3.65324 1.4613
0.737 3.6569 1.46276
0.738 3.66056 1.46422
0.739 3.66422 1.46569
0.74 3.66789 1.46715
0.741 3.67156 1.46862
0.742 3.67523 1.47009
0.743 3.67891 1.47156
0.744 3.68259 1.47304
0.745 3.68627 1.47451
0.746 3.68996 1.47598
0.747 3.69365 1.47746
0.748 3.69735 1.47894
0.749 3.70105 1.48042
0.75 3.70475 1.4819
0.751 3.70846 1.48338
0.752 3.71217 1.48487
0.753 3.71588 1.48635
0.754 3.7196 1.48784
0.755 3.72332 1.48933
0.756 3.72705 1.49082
0.757 3.73077 1.49231
0.758 3.73451 1.4938
0.759 3.73824 1.4953
0.76 3.74198 1.49679
0.761 3.74573 1.49829
0.762 3.74947 1.49979
0.763 3.75323 1.50129
0.764 3.75698 1.50279
0.765 3.76074 1.5043
0.766 3.7645 1.5058
0.767 3.76827 1.50731
0.768 3.77204 1.50882
0.769 3.77581 1.51033
0.77 3.77959 1.51184
0.771 3.78337 1.51335
0.772 3.78716 1.51486
0.773 3.79095 1.51638
0.774 3.79474 1.5179
0.775 3.79854 1.51941
0.776 3.80234 1.52093
0.777 3.80614 1.52246
0.778 3.80995 1.52398
0.779 3.81376 1.5255
0.78 3.81758 1.52703
0.781 3.8214 1.52856
0.782 3.82522 1.53009
0.783 3.82905 1.53162
0.784 3.83288 1.53315
0.785 3.83671 1.53468
0.786 3.84055 1.53622
0.787 3.84439 1.53776
0.788 3.84824 1.5393
0.789 3.85209 1.54084
0.79 3.85594 1.54238
0.791 3.8598 1.54392
0.792 3.86366 1.54547
0.793 3.86753 1.54701
0.794 3.8714 1.54856
0.795 3.87527 1.55011
0.796 3.87915 1.55166
0.797 3.88303 1.55321
0.798 3.88692 1.55477
0.799 3.8908 1.55632
0.8 3.8947 1.55788
0.801 3.89859 1.55944
0.802 3.90249 1.561
0.803 3.9064 1.56256
0.804 3.91031 1.56412
0.805 3.91422 1.56569
0.806 3.91814 1.56725
0.807 3.92206 1.56882
0.808 3.92598 1.57039
0.809 3.92991 1.57196
0.81 3.93384 1.57354
0.811 3.93777 1.57511
0.812 3.94171 1.57669
0.813 3.94566 1.57826
0.814 3.94961 1.57984
0.815 3.95356 1.58142
0.816 3.95751 1.58301
0.817 3.96147 1.58459
0.818 3.96544 1.58617
0.819 3.9694 1.58776
0.82 3.97337 1.58935
0.821 3.97735 1.59094
0.822 3.98133 1.59253
0.823 3.98531 1.59413
0.824 3.9893 1.59572
0.825 3.99329 1.59732
0.826 3.99729 1.59891
0.827 4.00129 1.60051
0.828 4.00529 1.60212
0.829 4.0093 1.60372
0.83 4.01331 1.60532
0.831 4.01732 1.60693
0.832 4.02134 1.60854
0.833 4.02537 1.61015
0.834 4.02939 1.61176
0.835 4.03342 1.61337
0.836 4.03746 1.61498
0.837 4.0415 1.6166
0.838 4.04554 1.61822
0.839 4.04959 1.61984
0.84 4.05364 1.62146
0.841 4.0577 1.62308
0.842 4.06176 1.6247
0.843 4.06582 1.62633
0.844 4.06989 1.62796
0.845 4.07396 1.62958
0.846 4.07804 1.63121
0.847 4.08212 1.63285
0.848 4.0862 1.63448
0.849 4.09029 1.63612
0.85 4.09438 1.63775
0.851 4.09848 1.63939
0.852 4.10258 1.64103
0.853 4.10668 1.64267
0.854 4.11079 1.64432
0.855 4.11491 1.64596
0.856 4.11902 1.64761
0.857 4.12314 1.64926
0.858 4.12727 1.65091
0.859 4.1314 1.65256
0.86 4.13553 1.65421
0.861 4.13967 1.65587
0.862 4.14381 1.65752
0.863 4.14796 1.65918
0.864 4.15211 1.66084
0.865 4.15626 1.6625
0.866 4.16042 1.66417
0.867 4.16458 1.66583
0.868 4.16875 1.6675
0.869 4.17292 1.66917
0.87 4.17709 1.67084
0.871 4.18127 1.67251
0.872 4.18546 1.67418
0.873 4.18964 1.67586
0.874 4.19384 1.67753
0.875 4.19803 1.67921
0.876 4.20223 1.68089
0.877 4.20644 1.68257
0.878 4.21064 1.68426
0.879 4.21486 1.68594
0.88 4.21907 1.68763
0.881 4.2233 1.68932
0.882 4.22752 1.69101
0.883 4.23175 1.6927
0.884 4.23598 1.69439
0.885 4.24022 1.69609
0.886 4.24447 1.69779
0.887 4.24871 1.69948
0.888 4.25296 1.70118
0.889 4.25722 1.70289
0.89 4.26148 1.70459
0.891 4.26574 1.7063
0.892 4.27001 1.708
0.893 4.27428 1.70971
0.894 4.27856 1.71142
0.895 4.28284 1.71314
0.896 4.28712 1.71485
0.897 4.29141 1.71656
0.898 4.29571 1.71828
0.899 4.3 1.72
0.9 4.30431 1.72172
0.901 4.30861 1.72344
0.902 4.31292 1.72517
0.903 4.31724 1.7269
0.904 4.32156 1.72862
0.905 4.32588 1.73035
0.906 4.33021 1.73208
0.907 4.33454 1.73382
0.908 4.33888 1.73555
0.909 4.34322 1.73729
0.91 4.34756 1.73903
0.911 4.35191 1.74077
0.912 4.35627 1.74251
0.913 4.36063 1.74425
0.914 4.36499 1.746
0.915 4.36936 1.74774
0.916 4.37373 1.74949
0.917 4.3781 1.75124
0.918 4.38248 1.75299
0.919 4.38687 1.75475
0.92 4.39126 1.7565
0.921 4.39565 1.75826
0.922 4.40005 1.76002
0.923 4.40445 1.76178
0.924 4.40886 1.76354
0.925 4.41327 1.76531
0.926 4.41768 1.76707
0.927 4.4221 1.76884
0.928 4.42653 1.77061
0.929 4.43096 1.77238
0.93 4.43539 1.77416
0.931 4.43983 1.77593
0.932 4.44427 1.77771
0.933 4.44872 1.77949
0.934 4.45317 1.78127
0.935 4.45762 1.78305
0.936 4.46208 1.78483
0.937 4.46655 1.78662
0.938 4.47102 1.78841
0.939 4.47549 1.7902
0.94 4.47997 1.79199
0.941 4.48445 1.79378
0.942 4.48894 1.79557
0.943 4.49343 1.79737
0.944 4.49792 1.79917
0.945 4.50242 1.80097
0.946 4.50693 1.80277
0.947 4.51144 1.80457
0.948 4.51595 1.80638
0.949 4.52047 1.80819
0.95 4.52499 1.81
0.951 4.52952 1.81181
0.952 4.53405 1.81362
0.953 4.53859 1.81543
0.954 4.54313 1.81725
0.955 4.54767 1.81907
0.956 4.55222 1.82089
0.957 4.55678 1.82271
0.958 4.56134 1.82453
0.959 4.5659 1.82636
0.96 4.57047 1.82819
0.961 4.57504 1.83002
0.962 4.57962 1.83185
0.963 4.5842 1.83368
0.964 4.58879 1.83551
0.965 4.59338 1.83735
0.966 4.59797 1.83919
0.967 4.60257 1.84103
0.968 4.60718 1.84287
0.969 4.61179 1.84472
0.97 4.6164 1.84656
0.971 4.62102 1.84841
0.972 4.62564 1.85026
0.973 4.63027 1.85211
0.974 4.63491 1.85396
0.975 4.63954 1.85582
0.976 4.64418 1.85767
0.977 4.64883 1.85953
0.978 4.65348 1.86139
0.979 4.65814 1.86326
0.98 4.6628 1.86512
0.981 4.66746 1.86699
0.982 4.67213 1.86885
0.983 4.67681 1.87072
0.984 4.68149 1.87259
0.985 4.68617 1.87447
0.986 4.69086 1.87634
0.987 4.69555 1.87822
0.988 4.70025 1.8801
0.989 4.70495 1.88198
0.99 4.70966 1.88386
0.991 4.71437 1.88575
0.992 4.71909 1.88764
0.993 4.72381 1.88952
0.994 4.72854 1.89141
0.995 4.73327 1.89331
0.996 4.738 1.8952
0.997 4.74274 1.8971
0.998 4.74749 1.899
0.999 4.75224 1.9009
