0 1 1
0.000390625 1.02913 0.988893
0.00078125 1.05719 0.978219
0.00117188 1.08421 0.967959
0.0015625 1.11022 0.958099
0.00195312 1.13528 0.948624
0.00234375 1.15942 0.939519
0.00273438 1.18266 0.93077
0.003125 1.20505 0.922363
0.00351563 1.22661 0.914285
0.00390625 1.24739 0.906524
0.00429688 1.2674 0.899069
0.0046875 1.28668 0.891906
0.00507813 1.30525 0.885026
0.00546875 1.32315 0.878417
0.00585938 1.34039 0.87207
0.00625 1.35701 0.865974
0.00664063 1.37302 0.86012
0.00703125 1.38845 0.854498
0.00742188 1.40332 0.8491
0.0078125 1.41766 0.843917
0.00820313 1.43147 0.838942
0.00859375 1.44479 0.834166
0.00898438 1.45763 0.829582
0.009375 1.47001 0.825182
0.00976562 1.48195 0.820959
0.0101563 1.49346 0.816908
0.0105469 1.50456 0.81302
0.0109375 1.51526 0.809291
0.0113281 1.52559 0.805714
0.0117188 1.53555 0.802283
0.0121094 1.54516 0.798992
0.0125 1.55443 0.795837
0.0128906 1.56338 0.792813
0.0132813 1.57201 0.789914
0.0136719 1.58034 0.787135
0.0140625 1.58838 0.784473
0.0144531 1.59615 0.781922
0.0148438 1.60365 0.779478
0.0152344 1.61088 0.777138
0.015625 1.61787 0.774897
0.0160156 1.62463 0.772752
0.0164063 1.63115 0.770699
0.0167969 1.63745 0.768734
0.0171875 1.64354 0.766855
0.0175781 1.64942 0.765057
0.0179688 1.65511 0.763339
0.0183594 1.66061 0.761696
0.01875 1.66593 0.760126
0.0191406 1.67107 0.758627
0.0195312 1.67605 0.757195
0.0199219 1.68086 0.755828
0.0203125 1.68551 0.754523
0.0207031 1.69002 0.753279
0.0210938 1.69438 0.752092
0.0214844 1.6986 0.750962
0.021875 1.70269 0.749885
0.0222656 1.70666 0.748859
0.0226563 1.71049 0.747883
0.0230469 1.71421 0.746955
0.0234375 1.71782 0.746073
0.0238281 1.72131 0.745235
0.0242188 1.7247 0.744439
0.0246094 1.72799 0.743685
0.025 1.73118 0.742969
0.0253906 1.73427 0.742292
0.0257813 1.73728 0.741651
0.0261719 1.7402 0.741045
0.0265625 1.74303 0.740473
0.0269531 1.74578 0.739934
0.0273438 1.74846 0.739425
0.0277344 1.75106 0.738947
0.028125 1.75359 0.738497
0.0285156 1.75605 0.738076
0.0289063 1.75845 0.737681
0.0292969 1.76078 0.737312
0.0296875 1.76305 0.736967
0.0300781 1.76526 0.736647
0.0304688 1.76741 0.736349
0.0308594 1.76951 0.736074
0.03125 1.77155 0.73582
0.0316406 1.77355 0.735586
0.0320313 1.77549 0.735372
0.0324219 1.77739 0.735177
0.0328125 1.77925 0.735
0.0332031 1.78106 0.734841
0.0335937 1.78283 0.734698
0.0339844 1.78456 0.734572
0.034375 1.78625 0.734462
0.0347656 1.7879 0.734366
0.0351562 1.78952 0.734285
0.0355469 1.79111 0.734218
0.0359375 1.79266 0.734164
0.0363281 1.79418 0.734123
0.0367188 1.79567 0.734095
0.0371094 1.79713 0.734078
0.0375 1.79856 0.734073
0.0378906 1.79996 0.734079
0.0382813 1.80134 0.734096
0.0386719 1.80269 0.734123
0.0390625 1.80402 0.73416
0.0394531 1.80533 0.734206
0.0398438 1.80661 0.734262
0.0402344 1.80788 0.734326
0.040625 1.80912 0.734399
0.0410156 1.81034 0.73448
0.0414063 1.81154 0.734568
0.0417969 1.81273 0.734665
0.0421875 1.81389 0.734768
0.0425781 1.81504 0.734879
0.0429688 1.81618 0.734996
0.0433594 1.8173 0.73512
0.04375 1.8184 0.73525
0.0441406 1.81949 0.735386
0.0445313 1.82056 0.735528
0.0449219 1.82162 0.735675
0.0453125 1.82267 0.735828
0.0457031 1.82371 0.735986
0.0460938 1.82473 0.736149
0.0464844 1.82574 0.736317
0.046875 1.82675 0.736489
0.0472656 1.82774 0.736666
0.0476563 1.82872 0.736847
0.0480469 1.82969 0.737032
0.0484375 1.83065 0.737221
0.0488281 1.8316 0.737414
0.0492188 1.83255 0.737611
0.0496094 1.83348 0.737811
0.05 1.83441 0.738015
0.0503906 1.83533 0.738222
0.0507812 1.83625 0.738432
0.0511719 1.83715 0.738645
0.0515625 1.83805 0.738861
0.0519531 1.83894 0.73908
0.0523438 1.83983 0.739302
0.0527344 1.84071 0.739526
0.053125 1.84158 0.739753
0.0535156 1.84245 0.739982
0.0539063 1.84332 0.740213
0.0542969 1.84417 0.740447
0.0546875 1.84503 0.740683
0.0550781 1.84588 0.740922
0.0554688 1.84672 0.741162
0.0558594 1.84756 0.741404
0.05625 1.8484 0.741648
0.0566406 1.84923 0.741894
0.0570313 1.85006 0.742142
0.0574219 1.85088 0.742391
0.0578125 1.8517 0.742642
0.0582031 1.85252 0.742895
0.0585938 1.85333 0.743149
0.0589844 1.85414 0.743404
0.059375 1.85495 0.743661
0.0597656 1.85576 0.74392
0.0601563 1.85656 0.744179
0.0605469 1.85736 0.74444
0.0609375 1.85816 0.744702
0.0613281 1.85895 0.744966
0.0617188 1.85975 0.74523
0.0621094 1.86054 0.745496
0.0625 1.86132 0.745763
0.0628906 1.86211 0.74603
0.0632812 1.86289 0.746299
0.0636719 1.86368 0.746569
0.0640625 1.86446 0.746839
0.0644531 1.86524 0.747111
0.0648438 1.86601 0.747383
0.0652344 1.86679 0.747657
0.065625 1.86756 0.747931
0.0660156 1.86834 0.748206
0.0664062 1.86911 0.748481
0.0667969 1.86988 0.748758
0.0671875 1.87065 0.749035
0.0675781 1.87142 0.749313
0.0679688 1.87218 0.749591
0.0683594 1.87295 0.74987
0.06875 1.87371 0.75015
0.0691406 1.87448 0.75043
0.0695313 1.87524 0.750711
0.0699219 1.876 0.750993
0.0703125 1.87676 0.751275
0.0707031 1.87753 0.751557
0.0710937 1.87829 0.751841
0.0714844 1.87904 0.752124
0.071875 1.8798 0.752408
0.0722656 1.88056 0.752693
0.0726563 1.88132 0.752978
0.0730469 1.88207 0.753264
0.0734375 1.88283 0.75355
0.0738281 1.88359 0.753836
0.0742188 1.88434 0.754123
0.0746094 1.8851 0.75441
0.075 1.88585 0.754698
0.0753906 1.8866 0.754986
0.0757813 1.88736 0.755274
0.0761719 1.88811 0.755563
0.0765625 1.88886 0.755852
0.0769531 1.88962 0.756141
0.0773438 1.89037 0.756431
0.0777344 1.89112 0.756721
0.078125 1.89187 0.757012
0.0785156 1.89262 0.757302
0.0789063 1.89338 0.757593
0.0792969 1.89413 0.757885
0.0796875 1.89488 0.758176
0.0800781 1.89563 0.758468
0.0804688 1.89638 0.758761
0.0808594 1.89713 0.759053
0.08125 1.89788 0.759346
0.0816406 1.89863 0.759639
0.0820312 1.89938 0.759932
0.0824219 1.90013 0.760225
0.0828125 1.90089 0.760519
0.0832031 1.90164 0.760813
0.0835938 1.90239 0.761107
0.0839844 1.90314 0.761402
0.084375 1.90389 0.761696
0.0847656 1.90464 0.761991
0.0851563 1.90539 0.762286
0.0855469 1.90614 0.762582
0.0859375 1.90689 0.762877
0.0863281 1.90764 0.763173
0.0867188 1.90839 0.763469
0.0871094 1.90914 0.763765
0.0875 1.90989 0.764061
0.0878906 1.91065 0.764358
0.0882813 1.9114 0.764655
0.0886719 1.91215 0.764952
0.0890625 1.9129 0.765249
0.0894531 1.91365 0.765546
0.0898438 1.9144 0.765843
0.0902344 1.91515 0.766141
0.090625 1.91591 0.766439
0.0910156 1.91666 0.766737
0.0914063 1.91741 0.767035
0.0917969 1.91816 0.767333
0.0921875 1.91892 0.767632
0.0925781 1.91967 0.767931
0.0929688 1.92042 0.768229
0.0933594 1.92118 0.768528
0.09375 1.92193 0.768828
0.0941406 1.92268 0.769127
0.0945313 1.92344 0.769426
0.0949219 1.92419 0.769726
0.0953125 1.92494 0.770026
0.0957031 1.9257 0.770326
0.0960938 1.92645 0.770626
0.0964844 1.92721 0.770926
0.096875 1.92796 0.771226
0.0972656 1.92872 0.771527
0.0976562 1.92947 0.771828
0.0980469 1.93023 0.772128
0.0984375 1.93099 0.772429
0.0988281 1.93174 0.77273
0.0992188 1.9325 0.773032
0.0996094 1.93325 0.773333
0.1 1.93401 0.773635
0.100391 1.93477 0.773936
0.100781 1.93553 0.774238
0.101172 1.93628 0.77454
0.101562 1.93704 0.774842
0.101953 1.9378 0.775145
0.102344 1.93856 0.775447
0.102734 1.93932 0.775749
0.103125 1.94007 0.776052
0.103516 1.94083 0.776355
0.103906 1.94159 0.776658
0.104297 1.94235 0.776961
0.104688 1.94311 0.777264
0.105078 1.94387 0.777567
0.105469 1.94463 0.777871
0.105859 1.94539 0.778174
0.10625 1.94615 0.778478
0.106641 1.94692 0.778782
0.107031 1.94768 0.779086
0.107422 1.94844 0.77939
0.107813 1.9492 0.779694
0.108203 1.94996 0.779999
0.108594 1.95073 0.780303
0.108984 1.95149 0.780608
0.109375 1.95225 0.780912
0.109766 1.95301 0.781217
0.110156 1.95378 0.781522
0.110547 1.95454 0.781827
0.110938 1.95531 0.782133
0.111328 1.95607 0.782438
0.111719 1.95684 0.782744
0.112109 1.9576 0.783049
0.1125 1.95837 0.783355
0.112891 1.95913 0.783661
0.113281 1.9599 0.783967
0.113672 1.96066 0.784273
0.114063 1.96143 0.784579
0.114453 1.9622 0.784886
0.114844 1.96296 0.785192
0.115234 1.96373 0.785499
0.115625 1.9645 0.785806
0.116016 1.96527 0.786112
0.116406 1.96603 0.786419
0.116797 1.9668 0.786727
0.117188 1.96757 0.787034
0.117578 1.96834 0.787341
0.117969 1.96911 0.787649
0.118359 1.96988 0.787956
0.11875 1.97065 0.788264
0.119141 1.97142 0.788572
0.119531 1.97219 0.78888
0.119922 1.97296 0.789188
0.120313 1.97373 0.789496
0.120703 1.9745 0.789805
0.121094 1.97527 0.790113
0.121484 1.97605 0.790422
0.121875 1.97682 0.790731
0.122266 1.97759 0.79104
0.122656 1.97836 0.791349
0.123047 1.97914 0.791658
0.123438 1.97991 0.791967
0.123828 1.98068 0.792276
0.124219 1.98146 0.792586
0.124609 1.98223 0.792895
0.125 1.98301 0.793205
0.125391 1.98378 0.793515
0.125781 1.98456 0.793825
0.126172 1.98533 0.794135
0.126562 1.98611 0.794445
0.126953 1.98688 0.794756
0.127344 1.98766 0.795066
0.127734 1.98844 0.795377
0.128125 1.98921 0.795687
0.128516 1.98999 0.795998
0.128906 1.99077 0.796309
0.129297 1.99155 0.79662
0.129688 1.99232 0.796932
0.130078 1.9931 0.797243
0.130469 1.99388 0.797554
0.130859 1.99466 0.797866
0.13125 1.99544 0.798178
0.131641 1.99622 0.798489
0.132031 1.997 0.798801
0.132422 1.99778 0.799113
0.132812 1.99856 0.799426
0.133203 1.99934 0.799738
0.133594 2.00012 0.80005
0.133984 2.0009 0.800363
0.134375 2.00169 0.800676
0.134766 2.00247 0.800988
0.135156 2.00325 0.801301
0.135547 2.00403 0.801614
0.135938 2.00482 0.801928
0.136328 2.0056 0.802241
0.136719 2.00638 0.802554
0.137109 2.00717 0.802868
0.1375 2.00795 0.803182
0.137891 2.00874 0.803495
0.138281 2.00952 0.803809
0.138672 2.01031 0.804123
0.139063 2.01109 0.804437
0.139453 2.01188 0.804752
0.139844 2.01266 0.805066
0.140234 2.01345 0.805381
0.140625 2.01424 0.805695
0.141016 2.01502 0.80601
0.141406 2.01581 0.806325
0.141797 2.0166 0.80664
0.142187 2.01739 0.806955
0.142578 2.01817 0.80727
0.142969 2.01896 0.807586
0.143359 2.01975 0.807901
0.14375 2.02054 0.808217
0.144141 2.02133 0.808533
0.144531 2.02212 0.808849
0.144922 2.02291 0.809165
0.145313 2.0237 0.809481
0.145703 2.02449 0.809797
0.146094 2.02528 0.810113
0.146484 2.02607 0.81043
0.146875 2.02687 0.810747
0.147266 2.02766 0.811063
0.147656 2.02845 0.81138
0.148047 2.02924 0.811697
0.148438 2.03004 0.812014
0.148828 2.03083 0.812332
0.149219 2.03162 0.812649
0.149609 2.03242 0.812966
0.15 2.03321 0.813284
0.150391 2.034 0.813602
0.150781 2.0348 0.81392
0.151172 2.03559 0.814238
0.151563 2.03639 0.814556
0.151953 2.03718 0.814874
0.152344 2.03798 0.815192
0.152734 2.03878 0.815511
0.153125 2.03957 0.81583
0.153516 2.04037 0.816148
0.153906 2.04117 0.816467
0.154297 2.04196 0.816786
0.154688 2.04276 0.817105
0.155078 2.04356 0.817424
0.155469 2.04436 0.817744
0.155859 2.04516 0.818063
0.15625 2.04596 0.818383
0.156641 2.04676 0.818703
0.157031 2.04756 0.819023
0.157422 2.04836 0.819343
0.157813 2.04916 0.819663
0.158203 2.04996 0.819983
0.158594 2.05076 0.820303
0.158984 2.05156 0.820624
0.159375 2.05236 0.820944
0.159766 2.05316 0.821265
0.160156 2.05396 0.821586
0.160547 2.05477 0.821907
0.160938 2.05557 0.822228
0.161328 2.05637 0.822549
0.161719 2.05718 0.822871
0.162109 2.05798 0.823192
0.1625 2.05878 0.823514
0.162891 2.05959 0.823836
0.163281 2.06039 0.824157
0.163672 2.0612 0.824479
0.164062 2.062 0.824802
0.164453 2.06281 0.825124
0.164844 2.06362 0.825446
0.165234 2.06442 0.825769
0.165625 2.06523 0.826091
0.166016 2.06604 0.826414
0.166406 2.06684 0.826737
0.166797 2.06765 0.82706
0.167188 2.06846 0.827383
0.167578 2.06927 0.827706
0.167969 2.07007 0.82803
0.168359 2.07088 0.828353
0.16875 2.07169 0.828677
0.169141 2.0725 0.829001
0.169531 2.07331 0.829325
0.169922 2.07412 0.829649
0.170313 2.07493 0.829973
0.170703 2.07574 0.830297
0.171094 2.07655 0.830621
0.171484 2.07736 0.830946
0.171875 2.07818 0.831271
0.172266 2.07899 0.831595
0.172656 2.0798 0.83192
0.173047 2.08061 0.832245
0.173438 2.08143 0.83257
0.173828 2.08224 0.832896
0.174219 2.08305 0.833221
0.174609 2.08387 0.833547
0.175 2.08468 0.833872
0.175391 2.0855 0.834198
0.175781 2.08631 0.834524
0.176172 2.08713 0.83485
0.176563 2.08794 0.835176
0.176953 2.08876 0.835503
0.177344 2.08957 0.835829
0.177734 2.09039 0.836156
0.178125 2.09121 0.836482
0.178516 2.09202 0.836809
0.178906 2.09284 0.837136
0.179297 2.09366 0.837463
0.179688 2.09448 0.83779
0.180078 2.09529 0.838118
0.180469 2.09611 0.838445
0.180859 2.09693 0.838773
0.18125 2.09775 0.8391
0.181641 2.09857 0.839428
0.182031 2.09939 0.839756
0.182422 2.10021 0.840084
0.182813 2.10103 0.840412
0.183203 2.10185 0.840741
0.183594 2.10267 0.841069
0.183984 2.10349 0.841398
0.184375 2.10432 0.841727
0.184766 2.10514 0.842056
0.185156 2.10596 0.842385
0.185547 2.10678 0.842714
0.185938 2.10761 0.843043
0.186328 2.10843 0.843372
0.186719 2.10925 0.843702
0.187109 2.11008 0.844031
0.1875 2.1109 0.844361
0.187891 2.11173 0.844691
0.188281 2.11255 0.845021
0.188672 2.11338 0.845351
0.189063 2.1142 0.845682
0.189453 2.11503 0.846012
0.189844 2.11586 0.846342
0.190234 2.11668 0.846673
0.190625 2.11751 0.847004
0.191016 2.11834 0.847335
0.191406 2.11916 0.847666
0.191797 2.11999 0.847997
0.192188 2.12082 0.848328
0.192578 2.12165 0.84866
0.192969 2.12248 0.848991
0.193359 2.12331 0.849323
0.19375 2.12414 0.849655
0.194141 2.12497 0.849987
0.194531 2.1258 0.850319
0.194922 2.12663 0.850651
0.195312 2.12746 0.850984
0.195703 2.12829 0.851316
0.196094 2.12912 0.851649
0.196484 2.12995 0.851981
0.196875 2.13079 0.852314
0.197266 2.13162 0.852647
0.197656 2.13245 0.85298
0.198047 2.13328 0.853314
0.198438 2.13412 0.853647
0.198828 2.13495 0.853981
0.199219 2.13579 0.854314
0.199609 2.13662 0.854648
0.2 2.13745 0.854982
0.200391 2.13829 0.855316
0.200781 2.13913 0.85565
0.201172 2.13996 0.855984
0.201563 2.1408 0.856319
0.201953 2.14163 0.856653
0.202344 2.14247 0.856988
0.202734 2.14331 0.857323
0.203125 2.14414 0.857658
0.203516 2.14498 0.857993
0.203906 2.14582 0.858328
0.204297 2.14666 0.858664
0.204688 2.1475 0.858999
0.205078 2.14834 0.859335
0.205469 2.14918 0.85967
0.205859 2.15002 0.860006
0.20625 2.15086 0.860342
0.206641 2.1517 0.860678
0.207031 2.15254 0.861015
0.207422 2.15338 0.861351
0.207813 2.15422 0.861688
0.208203 2.15506 0.862024
0.208594 2.1559 0.862361
0.208984 2.15675 0.862698
0.209375 2.15759 0.863035
0.209766 2.15843 0.863372
0.210156 2.15927 0.86371
0.210547 2.16012 0.864047
0.210938 2.16096 0.864385
0.211328 2.16181 0.864722
0.211719 2.16265 0.86506
0.212109 2.1635 0.865398
0.2125 2.16434 0.865736
0.212891 2.16519 0.866075
0.213281 2.16603 0.866413
0.213672 2.16688 0.866751
0.214063 2.16773 0.86709
0.214453 2.16857 0.867429
0.214844 2.16942 0.867768
0.215234 2.17027 0.868107
0.215625 2.17111 0.868446
0.216016 2.17196 0.868785
0.216406 2.17281 0.869125
0.216797 2.17366 0.869464
0.217188 2.17451 0.869804
0.217578 2.17536 0.870144
0.217969 2.17621 0.870484
0.218359 2.17706 0.870824
0.21875 2.17791 0.871164
0.219141 2.17876 0.871504
0.219531 2.17961 0.871845
0.219922 2.18046 0.872186
0.220313 2.18132 0.872526
0.220703 2.18217 0.872867
0.221094 2.18302 0.873208
0.221484 2.18387 0.873549
0.221875 2.18473 0.873891
0.222266 2.18558 0.874232
0.222656 2.18643 0.874574
0.223047 2.18729 0.874915
0.223438 2.18814 0.875257
0.223828 2.189 0.875599
0.224219 2.18985 0.875941
0.224609 2.19071 0.876284
0.225 2.19156 0.876626
0.225391 2.19242 0.876968
0.225781 2.19328 0.877311
0.226172 2.19413 0.877654
0.226562 2.19499 0.877997
0.226953 2.19585 0.87834
0.227344 2.19671 0.878683
0.227734 2.19757 0.879026
0.228125 2.19842 0.87937
0.228516 2.19928 0.879713
0.228906 2.20014 0.880057
0.229297 2.201 0.880401
0.229688 2.20186 0.880745
0.230078 2.20272 0.881089
0.230469 2.20358 0.881433
0.230859 2.20444 0.881777
0.23125 2.2053 0.882122
0.231641 2.20617 0.882467
0.232031 2.20703 0.882811
0.232422 2.20789 0.883156
0.232813 2.20875 0.883501
0.233203 2.20962 0.883847
0.233594 2.21048 0.884192
0.233984 2.21134 0.884537
0.234375 2.21221 0.884883
0.234766 2.21307 0.885229
0.235156 2.21394 0.885574
0.235547 2.2148 0.88592
0.235938 2.21567 0.886267
0.236328 2.21653 0.886613
0.236719 2.2174 0.886959
0.237109 2.21826 0.887306
0.2375 2.21913 0.887652
0.237891 2.22 0.887999
0.238281 2.22087 0.888346
0.238672 2.22173 0.888693
0.239063 2.2226 0.889041
0.239453 2.22347 0.889388
0.239844 2.22434 0.889735
0.240234 2.22521 0.890083
0.240625 2.22608 0.890431
0.241016 2.22695 0.890779
0.241406 2.22782 0.891127
0.241797 2.22869 0.891475
0.242188 2.22956 0.891823
0.242578 2.23043 0.892172
0.242969 2.2313 0.89252
0.243359 2.23217 0.892869
0.24375 2.23304 0.893218
0.244141 2.23392 0.893567
0.244531 2.23479 0.893916
0.244922 2.23566 0.894265
0.245313 2.23654 0.894614
0.245703 2.23741 0.894964
0.246094 2.23828 0.895314
0.246484 2.23916 0.895663
0.246875 2.24003 0.896013
0.247266 2.24091 0.896363
0.247656 2.24178 0.896714
0.248047 2.24266 0.897064
0.248438 2.24354 0.897414
0.248828 2.24441 0.897765
0.249219 2.24529 0.898116
0.249609 2.24617 0.898467
0.25 2.24704 0.898818
0.250391 2.24792 0.899169
0.250781 2.2488 0.89952
0.251172 2.24968 0.899872
0.251563 2.25056 0.900223
0.251953 2.25144 0.900575
0.252344 2.25232 0.900927
0.252734 2.2532 0.901279
0.253125 2.25408 0.901631
0.253516 2.25496 0.901983
0.253906 2.25584 0.902336
0.254297 2.25672 0.902688
0.254688 2.2576 0.903041
0.255078 2.25848 0.903394
0.255469 2.25937 0.903747
0.255859 2.26025 0.9041
0.25625 2.26113 0.904453
0.256641 2.26202 0.904806
0.257031 2.2629 0.90516
0.257422 2.26378 0.905514
0.257812 2.26467 0.905867
0.258203 2.26555 0.906221
0.258594 2.26644 0.906575
0.258984 2.26732 0.906929
0.259375 2.26821 0.907284
0.259766 2.2691 0.907638
0.260156 2.26998 0.907993
0.260547 2.27087 0.908348
0.260937 2.27176 0.908703
0.261328 2.27264 0.909058
0.261719 2.27353 0.909413
0.262109 2.27442 0.909768
0.2625 2.27531 0.910124
0.262891 2.2762 0.910479
0.263281 2.27709 0.910835
0.263672 2.27798 0.911191
0.264063 2.27887 0.911547
0.264453 2.27976 0.911903
0.264844 2.28065 0.912259
0.265234 2.28154 0.912616
0.265625 2.28243 0.912972
0.266016 2.28332 0.913329
0.266406 2.28421 0.913686
0.266797 2.28511 0.914043
0.267188 2.286 0.9144
0.267578 2.28689 0.914757
0.267969 2.28779 0.915114
0.268359 2.28868 0.915472
0.26875 2.28957 0.91583
0.269141 2.29047 0.916187
0.269531 2.29136 0.916545
0.269922 2.29226 0.916903
0.270313 2.29315 0.917262
0.270703 2.29405 0.91762
0.271094 2.29495 0.917979
0.271484 2.29584 0.918337
0.271875 2.29674 0.918696
0.272266 2.29764 0.919055
0.272656 2.29854 0.919414
0.273047 2.29943 0.919773
0.273438 2.30033 0.920133
0.273828 2.30123 0.920492
0.274219 2.30213 0.920852
0.274609 2.30303 0.921212
0.275 2.30393 0.921571
0.275391 2.30483 0.921932
0.275781 2.30573 0.922292
0.276172 2.30663 0.922652
0.276562 2.30753 0.923013
0.276953 2.30843 0.923373
0.277344 2.30933 0.923734
0.277734 2.31024 0.924095
0.278125 2.31114 0.924456
0.278516 2.31204 0.924817
0.278906 2.31295 0.925178
0.279297 2.31385 0.92554
0.279688 2.31475 0.925901
0.280078 2.31566 0.926263
0.280469 2.31656 0.926625
0.280859 2.31747 0.926987
0.28125 2.31837 0.927349
0.281641 2.31928 0.927712
0.282031 2.32019 0.928074
0.282422 2.32109 0.928437
0.282813 2.322 0.928799
0.283203 2.32291 0.929162
0.283594 2.32381 0.929525
0.283984 2.32472 0.929889
0.284375 2.32563 0.930252
0.284766 2.32654 0.930615
0.285156 2.32745 0.930979
0.285547 2.32836 0.931343
0.285938 2.32927 0.931706
0.286328 2.33018 0.932071
0.286719 2.33109 0.932435
0.287109 2.332 0.932799
0.2875 2.33291 0.933163
0.287891 2.33382 0.933528
0.288281 2.33473 0.933893
0.288672 2.33564 0.934258
0.289062 2.33656 0.934623
0.289453 2.33747 0.934988
0.289844 2.33838 0.935353
0.290234 2.3393 0.935719
0.290625 2.34021 0.936084
0.291016 2.34112 0.93645
0.291406 2.34204 0.936816
0.291797 2.34295 0.937182
0.292187 2.34387 0.937548
0.292578 2.34479 0.937914
0.292969 2.3457 0.938281
0.293359 2.34662 0.938647
0.29375 2.34753 0.939014
0.294141 2.34845 0.939381
0.294531 2.34937 0.939748
0.294922 2.35029 0.940115
0.295313 2.35121 0.940482
0.295703 2.35212 0.94085
0.296094 2.35304 0.941217
0.296484 2.35396 0.941585
0.296875 2.35488 0.941953
0.297266 2.3558 0.942321
0.297656 2.35672 0.942689
0.298047 2.35764 0.943057
0.298438 2.35856 0.943426
0.298828 2.35949 0.943795
0.299219 2.36041 0.944163
0.299609 2.36133 0.944532
0.3 2.36225 0.944901
0.300391 2.36318 0.94527
0.300781 2.3641 0.94564
0.301172 2.36502 0.946009
0.301563 2.36595 0.946379
0.301953 2.36687 0.946748
0.302344 2.3678 0.947118
0.302734 2.36872 0.947488
0.303125 2.36965 0.947859
0.303516 2.37057 0.948229
0.303906 2.3715 0.948599
0.304297 2.37243 0.94897
0.304688 2.37335 0.949341
0.305078 2.37428 0.949712
0.305469 2.37521 0.950083
0.305859 2.37613 0.950454
0.30625 2.37706 0.950825
0.306641 2.37799 0.951197
0.307031 2.37892 0.951568
0.307422 2.37985 0.95194
0.307813 2.38078 0.952312
0.308203 2.38171 0.952684
0.308594 2.38264 0.953056
0.308984 2.38357 0.953429
0.309375 2.3845 0.953801
0.309766 2.38543 0.954174
0.310156 2.38637 0.954547
0.310547 2.3873 0.95492
0.310938 2.38823 0.955293
0.311328 2.38916 0.955666
0.311719 2.3901 0.956039
0.312109 2.39103 0.956413
0.3125 2.39197 0.956787
0.312891 2.3929 0.95716
0.313281 2.39384 0.957534
0.313672 2.39477 0.957908
0.314063 2.39571 0.958283
0.314453 2.39664 0.958657
0.314844 2.39758 0.959032
0.315234 2.39852 0.959406
0.315625 2.39945 0.959781
0.316016 2.40039 0.960156
0.316406 2.40133 0.960531
0.316797 2.40227 0.960907
0.317188 2.40321 0.961282
0.317578 2.40414 0.961658
0.317969 2.40508 0.962033
0.318359 2.40602 0.962409
0.31875 2.40696 0.962785
0.319141 2.4079 0.963161
0.319531 2.40884 0.963538
0.319922 2.40979 0.963914
0.320312 2.41073 0.964291
0.320703 2.41167 0.964667
0.321094 2.41261 0.965044
0.321484 2.41355 0.965421
0.321875 2.4145 0.965799
0.322266 2.41544 0.966176
0.322656 2.41638 0.966553
0.323047 2.41733 0.966931
0.323438 2.41827 0.967309
0.323828 2.41922 0.967687
0.324219 2.42016 0.968065
0.324609 2.42111 0.968443
0.325 2.42205 0.968821
0.325391 2.423 0.9692
0.325781 2.42395 0.969579
0.326172 2.42489 0.969957
0.326563 2.42584 0.970336
0.326953 2.42679 0.970716
0.327344 2.42774 0.971095
0.327734 2.42869 0.971474
0.328125 2.42963 0.971854
0.328516 2.43058 0.972233
0.328906 2.43153 0.972613
0.329297 2.43248 0.972993
0.329688 2.43343 0.973373
0.330078 2.43438 0.973754
0.330469 2.43534 0.974134
0.330859 2.43629 0.974515
0.33125 2.43724 0.974896
0.331641 2.43819 0.975276
0.332031 2.43914 0.975657
0.332422 2.4401 0.976039
0.332813 2.44105 0.97642
0.333203 2.442 0.976802
0.333594 2.44296 0.977183
0.333984 2.44391 0.977565
0.334375 2.44487 0.977947
0.334766 2.44582 0.978329
0.335156 2.44678 0.978711
0.335547 2.44773 0.979094
0.335938 2.44869 0.979476
0.336328 2.44965 0.979859
0.336719 2.4506 0.980242
0.337109 2.45156 0.980625
0.3375 2.45252 0.981008
0.337891 2.45348 0.981391
0.338281 2.45444 0.981774
0.338672 2.4554 0.982158
0.339063 2.45635 0.982542
0.339453 2.45731 0.982926
0.339844 2.45827 0.98331
0.340234 2.45923 0.983694
0.340625 2.4602 0.984078
0.341016 2.46116 0.984463
0.341406 2.46212 0.984847
0.341797 2.46308 0.985232
0.342188 2.46404 0.985617
0.342578 2.46501 0.986002
0.342969 2.46597 0.986387
0.343359 2.46693 0.986773
0.34375 2.4679 0.987158
0.344141 2.46886 0.987544
0.344531 2.46982 0.98793
0.344922 2.47079 0.988316
0.345313 2.47175 0.988702
0.345703 2.47272 0.989088
0.346094 2.47369 0.989475
0.346484 2.47465 0.989861
0.346875 2.47562 0.990248
0.347266 2.47659 0.990635
0.347656 2.47755 0.991022
0.348047 2.47852 0.991409
0.348438 2.47949 0.991796
0.348828 2.48046 0.992184
0.349219 2.48143 0.992572
0.349609 2.4824 0.992959
0.35 2.48337 0.993347
0.350391 2.48434 0.993735
0.350781 2.48531 0.994124
0.351172 2.48628 0.994512
0.351562 2.48725 0.994901
0.351953 2.48822 0.995289
0.352344 2.4892 0.995678
0.352734 2.49017 0.996067
0.353125 2.49114 0.996456
0.353516 2.49211 0.996846
0.353906 2.49309 0.997235
0.354297 2.49406 0.997625
0.354688 2.49504 0.998015
0.355078 2.49601 0.998404
0.355469 2.49699 0.998795
0.355859 2.49796 0.999185
0.35625 2.49894 0.999575
0.356641 2.49991 0.999966
0.357031 2.50089 1.00036
0.357422 2.50187 1.00075
0.357813 2.50285 1.00114
0.358203 2.50382 1.00153
0.358594 2.5048 1.00192
0.358984 2.50578 1.00231
0.359375 2.50676 1.0027
0.359766 2.50774 1.0031
0.360156 2.50872 1.00349
0.360547 2.5097 1.00388
0.360938 2.51068 1.00427
0.361328 2.51166 1.00466
0.361719 2.51264 1.00506
0.362109 2.51362 1.00545
0.3625 2.51461 1.00584
0.362891 2.51559 1.00624
0.363281 2.51657 1.00663
0.363672 2.51755 1.00702
0.364063 2.51854 1.00741
0.364453 2.51952 1.00781
0.364844 2.52051 1.0082
0.365234 2.52149 1.0086
0.365625 2.52248 1.00899
0.366016 2.52346 1.00938
0.366406 2.52445 1.00978
0.366797 2.52543 1.01017
0.367188 2.52642 1.01057
0.367578 2.52741 1.01096
0.367969 2.52839 1.01136
0.368359 2.52938 1.01175
0.36875 2.53037 1.01215
0.369141 2.53136 1.01254
0.369531 2.53235 1.01294
0.369922 2.53334 1.01334
0.370313 2.53433 1.01373
0.370703 2.53532 1.01413
0.371094 2.53631 1.01452
0.371484 2.5373 1.01492
0.371875 2.53829 1.01532
0.372266 2.53928 1.01571
0.372656 2.54027 1.01611
0.373047 2.54127 1.01651
0.373438 2.54226 1.0169
0.373828 2.54325 1.0173
0.374219 2.54425 1.0177
0.374609 2.54524 1.0181
0.375 2.54623 1.01849
0.375391 2.54723 1.01889
0.375781 2.54822 1.01929
0.376172 2.54922 1.01969
0.376563 2.55022 1.02009
0.376953 2.55121 1.02049
0.377344 2.55221 1.02088
0.377734 2.55321 1.02128
0.378125 2.5542 1.02168
0.378516 2.5552 1.02208
0.378906 2.5562 1.02248
0.379297 2.5572 1.02288
0.379688 2.5582 1.02328
0.380078 2.5592 1.02368
0.380469 2.5602 1.02408
0.380859 2.5612 1.02448
0.38125 2.5622 1.02488
0.381641 2.5632 1.02528
0.382031 2.5642 1.02568
0.382422 2.5652 1.02608
0.382812 2.56621 1.02648
0.383203 2.56721 1.02688
0.383594 2.56821 1.02728
0.383984 2.56921 1.02769
0.384375 2.57022 1.02809
0.384766 2.57122 1.02849
0.385156 2.57223 1.02889
0.385547 2.57323 1.02929
0.385938 2.57424 1.02969
0.386328 2.57524 1.0301
0.386719 2.57625 1.0305
0.387109 2.57726 1.0309
0.3875 2.57826 1.03131
0.387891 2.57927 1.03171
0.388281 2.58028 1.03211
0.388672 2.58129 1.03251
0.389063 2.58229 1.03292
0.389453 2.5833 1.03332
0.389844 2.58431 1.03373
0.390234 2.58532 1.03413
0.390625 2.58633 1.03453
0.391016 2.58734 1.03494
0.391406 2.58835 1.03534
0.391797 2.58936 1.03575
0.392188 2.59038 1.03615
0.392578 2.59139 1.03656
0.392969 2.5924 1.03696
0.393359 2.59341 1.03737
0.39375 2.59443 1.03777
0.394141 2.59544 1.03818
0.394531 2.59645 1.03858
0.394922 2.59747 1.03899
0.395313 2.59848 1.03939
0.395703 2.5995 1.0398
0.396094 2.60052 1.04021
0.396484 2.60153 1.04061
0.396875 2.60255 1.04102
0.397266 2.60356 1.04143
0.397656 2.60458 1.04183
0.398047 2.6056 1.04224
0.398438 2.60662 1.04265
0.398828 2.60764 1.04305
0.399219 2.60865 1.04346
0.399609 2.60967 1.04387
0.4 2.61069 1.04428
0.400391 2.61171 1.04469
0.400781 2.61273 1.04509
0.401172 2.61375 1.0455
0.401563 2.61478 1.04591
0.401953 2.6158 1.04632
0.402344 2.61682 1.04673
0.402734 2.61784 1.04714
0.403125 2.61886 1.04755
0.403516 2.61989 1.04796
0.403906 2.62091 1.04836
0.404297 2.62194 1.04877
0.404688 2.62296 1.04918
0.405078 2.62398 1.04959
0.405469 2.62501 1.05
0.405859 2.62604 1.05041
0.40625 2.62706 1.05082
0.406641 2.62809 1.05124
0.407031 2.62911 1.05165
0.407422 2.63014 1.05206
0.407813 2.63117 1.05247
0.408203 2.6322 1.05288
0.408594 2.63323 1.05329
0.408984 2.63425 1.0537
0.409375 2.63528 1.05411
0.409766 2.63631 1.05453
0.410156 2.63734 1.05494
0.410547 2.63837 1.05535
0.410938 2.6394 1.05576
0.411328 2.64044 1.05617
0.411719 2.64147 1.05659
0.412109 2.6425 1.057
0.4125 2.64353 1.05741
0.412891 2.64456 1.05783
0.413281 2.6456 1.05824
0.413672 2.64663 1.05865
0.414062 2.64767 1.05907
0.414453 2.6487 1.05948
0.414844 2.64973 1.05989
0.415234 2.65077 1.06031
0.415625 2.65181 1.06072
0.416016 2.65284 1.06114
0.416406 2.65388 1.06155
0.416797 2.65492 1.06197
0.417188 2.65595 1.06238
0.417578 2.65699 1.0628
0.417969 2.65803 1.06321
0.418359 2.65907 1.06363
0.41875 2.66011 1.06404
0.419141 2.66114 1.06446
0.419531 2.66218 1.06487
0.419922 2.66322 1.06529
0.420313 2.66427 1.06571
0.420703 2.66531 1.06612
0.421094 2.66635 1.06654
0.421484 2.66739 1.06696
0.421875 2.66843 1.06737
0.422266 2.66947 1.06779
0.422656 2.67052 1.06821
0.423047 2.67156 1.06862
0.423438 2.6726 1.06904
0.423828 2.67365 1.06946
0.424219 2.67469 1.06988
0.424609 2.67574 1.0703
0.425 2.67678 1.07071
0.425391 2.67783 1.07113
0.425781 2.67888 1.07155
0.426172 2.67992 1.07197
0.426563 2.68097 1.07239
0.426953 2.68202 1.07281
0.427344 2.68306 1.07323
0.427734 2.68411 1.07365
0.428125 2.68516 1.07406
0.428516 2.68621 1.07448
0.428906 2.68726 1.0749
0.429297 2.68831 1.07532
0.429688 2.68936 1.07574
0.430078 2.69041 1.07616
0.430469 2.69146 1.07658
0.430859 2.69251 1.07701
0.43125 2.69357 1.07743
0.431641 2.69462 1.07785
0.432031 2.69567 1.07827
0.432422 2.69672 1.07869
0.432813 2.69778 1.07911
0.433203 2.69883 1.07953
0.433594 2.69989 1.07995
0.433984 2.70094 1.08038
0.434375 2.702 1.0808
0.434766 2.70305 1.08122
0.435156 2.70411 1.08164
0.435547 2.70516 1.08207
0.435938 2.70622 1.08249
0.436328 2.70728 1.08291
0.436719 2.70834 1.08333
0.437109 2.70939 1.08376
0.4375 2.71045 1.08418
0.437891 2.71151 1.0846
0.438281 2.71257 1.08503
0.438672 2.71363 1.08545
0.439063 2.71469 1.08588
0.439453 2.71575 1.0863
0.439844 2.71681 1.08673
0.440234 2.71787 1.08715
0.440625 2.71894 1.08757
0.441016 2.72 1.088
0.441406 2.72106 1.08842
0.441797 2.72212 1.08885
0.442188 2.72319 1.08928
0.442578 2.72425 1.0897
0.442969 2.72532 1.09013
0.443359 2.72638 1.09055
0.44375 2.72745 1.09098
0.444141 2.72851 1.0914
0.444531 2.72958 1.09183
0.444922 2.73064 1.09226
0.445312 2.73171 1.09268
0.445703 2.73278 1.09311
0.446094 2.73385 1.09354
0.446484 2.73491 1.09397
0.446875 2.73598 1.09439
0.447266 2.73705 1.09482
0.447656 2.73812 1.09525
0.448047 2.73919 1.09568
0.448438 2.74026 1.0961
0.448828 2.74133 1.09653
0.449219 2.7424 1.09696
0.449609 2.74347 1.09739
0.45 2.74455 1.09782
0.450391 2.74562 1.09825
0.450781 2.74669 1.09868
0.451172 2.74776 1.09911
0.451563 2.74884 1.09954
0.451953 2.74991 1.09996
0.452344 2.75099 1.10039
0.452734 2.75206 1.10082
0.453125 2.75314 1.10125
0.453516 2.75421 1.10168
0.453906 2.75529 1.10212
0.454297 2.75636 1.10255
0.454688 2.75744 1.10298
0.455078 2.75852 1.10341
0.455469 2.7596 1.10384
0.455859 2.76067 1.10427
0.45625 2.76175 1.1047
0.456641 2.76283 1.10513
0.457031 2.76391 1.10556
0.457422 2.76499 1.106
0.457813 2.76607 1.10643
0.458203 2.76715 1.10686
0.458594 2.76823 1.10729
0.458984 2.76932 1.10773
0.459375 2.7704 1.10816
0.459766 2.77148 1.10859
0.460156 2.77256 1.10903
0.460547 2.77365 1.10946
0.460938 2.77473 1.10989
0.461328 2.77581 1.11033
0.461719 2.7769 1.11076
0.462109 2.77798 1.11119
0.4625 2.77907 1.11163
0.462891 2.78015 1.11206
0.463281 2.78124 1.1125
0.463672 2.78233 1.11293
0.464063 2.78341 1.11337
0.464453 2.7845 1.1138
0.464844 2.78559 1.11424
0.465234 2.78668 1.11467
0.465625 2.78777 1.11511
0.466016 2.78886 1.11554
0.466406 2.78995 1.11598
0.466797 2.79104 1.11641
0.467188 2.79213 1.11685
0.467578 2.79322 1.11729
0.467969 2.79431 1.11772
0.468359 2.7954 1.11816
0.46875 2.79649 1.1186
0.469141 2.79758 1.11903
0.469531 2.79868 1.11947
0.469922 2.79977 1.11991
0.470313 2.80086 1.12035
0.470703 2.80196 1.12078
0.471094 2.80305 1.12122
0.471484 2.80415 1.12166
0.471875 2.80524 1.1221
0.472266 2.80634 1.12254
0.472656 2.80744 1.12297
0.473047 2.80853 1.12341
0.473438 2.80963 1.12385
0.473828 2.81073 1.12429
0.474219 2.81183 1.12473
0.474609 2.81293 1.12517
0.475 2.81402 1.12561
0.475391 2.81512 1.12605
0.475781 2.81622 1.12649
0.476172 2.81732 1.12693
0.476562 2.81843 1.12737
0.476953 2.81953 1.12781
0.477344 2.82063 1.12825
0.477734 2.82173 1.12869
0.478125 2.82283 1.12913
0.478516 2.82394 1.12957
0.478906 2.82504 1.13002
0.479297 2.82614 1.13046
0.479688 2.82725 1.1309
0.480078 2.82835 1.13134
0.480469 2.82946 1.13178
0.480859 2.83056 1.13222
0.48125 2.83167 1.13267
0.481641 2.83277 1.13311
0.482031 2.83388 1.13355
0.482422 2.83499 1.134
0.482813 2.8361 1.13444
0.483203 2.8372 1.13488
0.483594 2.83831 1.13532
0.483984 2.83942 1.13577
0.484375 2.84053 1.13621
0.484766 2.84164 1.13666
0.485156 2.84275 1.1371
0.485547 2.84386 1.13754
0.485938 2.84497 1.13799
0.486328 2.84608 1.13843
0.486719 2.8472 1.13888
0.487109 2.84831 1.13932
0.4875 2.84942 1.13977
0.487891 2.85053 1.14021
0.488281 2.85165 1.14066
0.488672 2.85276 1.1411
0.489063 2.85388 1.14155
0.489453 2.85499 1.142
0.489844 2.85611 1.14244
0.490234 2.85722 1.14289
0.490625 2.85834 1.14334
0.491016 2.85946 1.14378
0.491406 2.86057 1.14423
0.491797 2.86169 1.14468
0.492188 2.86281 1.14512
0.492578 2.86393 1.14557
0.492969 2.86505 1.14602
0.493359 2.86617 1.14647
0.49375 2.86729 1.14691
0.494141 2.86841 1.14736
0.494531 2.86953 1.14781
0.494922 2.87065 1.14826
0.495313 2.87177 1.14871
0.495703 2.87289 1.14916
0.496094 2.87401 1.14961
0.496484 2.87514 1.15005
0.496875 2.87626 1.1505
0.497266 2.87738 1.15095
0.497656 2.87851 1.1514
0.498047 2.87963 1.15185
0.498438 2.88076 1.1523
0.498828 2.88188 1.15275
0.499219 2.88301 1.1532
0.499609 2.88414 1.15365
0.5 2.88526 1.1541
0.500391 2.88639 1.15456
0.500781 2.88752 1.15501
0.501172 2.88865 1.15546
0.501563 2.88977 1.15591
0.501953 2.8909 1.15636
0.502344 2.89203 1.15681
0.502734 2.89316 1.15726
0.503125 2.89429 1.15772
0.503516 2.89542 1.15817
0.503906 2.89655 1.15862
0.504297 2.89769 1.15907
0.504688 2.89882 1.15953
0.505078 2.89995 1.15998
0.505469 2.90108 1.16043
0.505859 2.90222 1.16089
0.50625 2.90335 1.16134
0.506641 2.90449 1.16179
0.507031 2.90562 1.16225
0.507422 2.90676 1.1627
0.507812 2.90789 1.16316
0.508203 2.90903 1.16361
0.508594 2.91016 1.16407
0.508984 2.9113 1.16452
0.509375 2.91244 1.16498
0.509766 2.91358 1.16543
0.510156 2.91471 1.16589
0.510547 2.91585 1.16634
0.510938 2.91699 1.1668
0.511328 2.91813 1.16725
0.511719 2.91927 1.16771
0.512109 2.92041 1.16817
0.5125 2.92155 1.16862
0.512891 2.9227 1.16908
0.513281 2.92384 1.16954
0.513672 2.92498 1.16999
0.514062 2.92612 1.17045
0.514453 2.92727 1.17091
0.514844 2.92841 1.17136
0.515234 2.92955 1.17182
0.515625 2.9307 1.17228
0.516016 2.93184 1.17274
0.516406 2.93299 1.1732
0.516797 2.93413 1.17365
0.517188 2.93528 1.17411
0.517578 2.93643 1.17457
0.517969 2.93758 1.17503
0.518359 2.93872 1.17549
0.51875 2.93987 1.17595
0.519141 2.94102 1.17641
0.519531 2.94217 1.17687
0.519922 2.94332 1.17733
0.520313 2.94447 1.17779
0.520703 2.94562 1.17825
0.521094 2.94677 1.17871
0.521484 2.94792 1.17917
0.521875 2.94907 1.17963
0.522266 2.95022 1.18009
0.522656 2.95138 1.18055
0.523047 2.95253 1.18101
0.523438 2.95368 1.18147
0.523828 2.95484 1.18194
0.524219 2.95599 1.1824
0.524609 2.95715 1.18286
0.525 2.9583 1.18332
0.525391 2.95946 1.18378
0.525781 2.96062 1.18425
0.526172 2.96177 1.18471
0.526563 2.96293 1.18517
0.526953 2.96409 1.18563
0.527344 2.96524 1.1861
0.527734 2.9664 1.18656
0.528125 2.96756 1.18702
0.528516 2.96872 1.18749
0.528906 2.96988 1.18795
0.529297 2.97104 1.18842
0.529687 2.9722 1.18888
0.530078 2.97336 1.18935
0.530469 2.97453 1.18981
0.530859 2.97569 1.19028
0.53125 2.97685 1.19074
0.531641 2.97801 1.19121
0.532031 2.97918 1.19167
0.532422 2.98034 1.19214
0.532813 2.98151 1.1926
0.533203 2.98267 1.19307
0.533594 2.98384 1.19353
0.533984 2.985 1.194
0.534375 2.98617 1.19447
0.534766 2.98733 1.19493
0.535156 2.9885 1.1954
0.535547 2.98967 1.19587
0.535938 2.99084 1.19633
0.536328 2.99201 1.1968
0.536719 2.99317 1.19727
0.537109 2.99434 1.19774
0.5375 2.99551 1.19821
0.537891 2.99668 1.19867
0.538281 2.99786 1.19914
0.538672 2.99903 1.19961
0.539062 3.0002 1.20008
0.539453 3.00137 1.20055
0.539844 3.00254 1.20102
0.540234 3.00372 1.20149
0.540625 3.00489 1.20196
0.541016 3.00606 1.20243
0.541406 3.00724 1.2029
0.541797 3.00841 1.20337
0.542188 3.00959 1.20384
0.542578 3.01076 1.20431
0.542969 3.01194 1.20478
0.543359 3.01312 1.20525
0.54375 3.01429 1.20572
0.544141 3.01547 1.20619
0.544531 3.01665 1.20666
0.544922 3.01783 1.20713
0.545312 3.01901 1.2076
0.545703 3.02019 1.20807
0.546094 3.02137 1.20855
0.546484 3.02255 1.20902
0.546875 3.02373 1.20949
0.547266 3.02491 1.20996
0.547656 3.02609 1.21044
0.548047 3.02727 1.21091
0.548438 3.02846 1.21138
0.548828 3.02964 1.21186
0.549219 3.03082 1.21233
0.549609 3.03201 1.2128
0.55 3.03319 1.21328
0.550391 3.03438 1.21375
0.550781 3.03556 1.21423
0.551172 3.03675 1.2147
0.551563 3.03794 1.21517
0.551953 3.03912 1.21565
0.552344 3.04031 1.21612
0.552734 3.0415 1.2166
0.553125 3.04269 1.21707
0.553516 3.04388 1.21755
0.553906 3.04506 1.21803
0.554297 3.04625 1.2185
0.554688 3.04744 1.21898
0.555078 3.04863 1.21945
0.555469 3.04983 1.21993
0.555859 3.05102 1.22041
0.55625 3.05221 1.22088
0.556641 3.0534 1.22136
0.557031 3.0546 1.22184
0.557422 3.05579 1.22232
0.557813 3.05698 1.22279
0.558203 3.05818 1.22327
0.558594 3.05937 1.22375
0.558984 3.06057 1.22423
0.559375 3.06176 1.22471
0.559766 3.06296 1.22518
0.560156 3.06416 1.22566
0.560547 3.06535 1.22614
0.560937 3.06655 1.22662
0.561328 3.06775 1.2271
0.561719 3.06895 1.22758
0.562109 3.07015 1.22806
0.5625 3.07135 1.22854
0.562891 3.07255 1.22902
0.563281 3.07375 1.2295
0.563672 3.07495 1.22998
0.564063 3.07615 1.23046
0.564453 3.07735 1.23094
0.564844 3.07855 1.23142
0.565234 3.07976 1.2319
0.565625 3.08096 1.23238
0.566016 3.08216 1.23286
0.566406 3.08337 1.23335
0.566797 3.08457 1.23383
0.567188 3.08578 1.23431
0.567578 3.08698 1.23479
0.567969 3.08819 1.23528
0.568359 3.08939 1.23576
0.56875 3.0906 1.23624
0.569141 3.09181 1.23672
0.569531 3.09302 1.23721
0.569922 3.09423 1.23769
0.570312 3.09543 1.23817
0.570703 3.09664 1.23866
0.571094 3.09785 1.23914
0.571484 3.09906 1.23963
0.571875 3.10027 1.24011
0.572266 3.10149 1.24059
0.572656 3.1027 1.24108
0.573047 3.10391 1.24156
0.573438 3.10512 1.24205
0.573828 3.10634 1.24253
0.574219 3.10755 1.24302
0.574609 3.10876 1.24351
0.575 3.10998 1.24399
0.575391 3.11119 1.24448
0.575781 3.11241 1.24496
0.576172 3.11363 1.24545
0.576562 3.11484 1.24594
0.576953 3.11606 1.24642
0.577344 3.11728 1.24691
0.577734 3.11849 1.2474
0.578125 3.11971 1.24788
0.578516 3.12093 1.24837
0.578906 3.12215 1.24886
0.579297 3.12337 1.24935
0.579688 3.12459 1.24984
0.580078 3.12581 1.25032
0.580469 3.12703 1.25081
0.580859 3.12825 1.2513
0.58125 3.12948 1.25179
0.581641 3.1307 1.25228
0.582031 3.13192 1.25277
0.582422 3.13315 1.25326
0.582813 3.13437 1.25375
0.583203 3.13559 1.25424
0.583594 3.13682 1.25473
0.583984 3.13805 1.25522
0.584375 3.13927 1.25571
0.584766 3.1405 1.2562
0.585156 3.14173 1.25669
0.585547 3.14295 1.25718
0.585938 3.14418 1.25767
0.586328 3.14541 1.25816
0.586719 3.14664 1.25866
0.587109 3.14787 1.25915
0.5875 3.1491 1.25964
0.587891 3.15033 1.26013
0.588281 3.15156 1.26062
0.588672 3.15279 1.26112
0.589063 3.15402 1.26161
0.589453 3.15525 1.2621
0.589844 3.15649 1.26259
0.590234 3.15772 1.26309
0.590625 3.15895 1.26358
0.591016 3.16019 1.26408
0.591406 3.16142 1.26457
0.591797 3.16266 1.26506
0.592187 3.16389 1.26556
0.592578 3.16513 1.26605
0.592969 3.16637 1.26655
0.593359 3.1676 1.26704
0.59375 3.16884 1.26754
0.594141 3.17008 1.26803
0.594531 3.17132 1.26853
0.594922 3.17256 1.26902
0.595313 3.1738 1.26952
0.595703 3.17504 1.27001
0.596094 3.17628 1.27051
0.596484 3.17752 1.27101
0.596875 3.17876 1.2715
0.597266 3.18 1.272
0.597656 3.18124 1.2725
0.598047 3.18249 1.27299
0.598438 3.18373 1.27349
0.598828 3.18497 1.27399
0.599219 3.18622 1.27449
0.599609 3.18746 1.27499
0.6 3.18871 1.27548
0.600391 3.18995 1.27598
0.600781 3.1912 1.27648
0.601172 3.19245 1.27698
0.601562 3.19369 1.27748
0.601953 3.19494 1.27798
0.602344 3.19619 1.27848
0.602734 3.19744 1.27898
0.603125 3.19869 1.27948
0.603516 3.19994 1.27998
0.603906 3.20119 1.28048
0.604297 3.20244 1.28098
0.604688 3.20369 1.28148
0.605078 3.20494 1.28198
0.605469 3.20619 1.28248
0.605859 3.20745 1.28298
0.60625 3.2087 1.28348
0.606641 3.20995 1.28398
0.607031 3.21121 1.28448
0.607422 3.21246 1.28498
0.607813 3.21372 1.28549
0.608203 3.21497 1.28599
0.608594 3.21623 1.28649
0.608984 3.21749 1.28699
0.609375 3.21874 1.2875
0.609766 3.22 1.288
0.610156 3.22126 1.2885
0.610547 3.22252 1.28901
0.610938 3.22378 1.28951
0.611328 3.22504 1.29001
0.611719 3.2263 1.29052
0.612109 3.22756 1.29102
0.6125 3.22882 1.29153
0.612891 3.23008 1.29203
0.613281 3.23134 1.29254
0.613672 3.2326 1.29304
0.614063 3.23387 1.29355
0.614453 3.23513 1.29405
0.614844 3.23639 1.29456
0.615234 3.23766 1.29506
0.615625 3.23892 1.29557
0.616016 3.24019 1.29608
0.616406 3.24145 1.29658
0.616797 3.24272 1.29709
0.617188 3.24399 1.2976
0.617578 3.24525 1.2981
0.617969 3.24652 1.29861
0.618359 3.24779 1.29912
0.61875 3.24906 1.29962
0.619141 3.25033 1.30013
0.619531 3.2516 1.30064
0.619922 3.25287 1.30115
0.620313 3.25414 1.30166
0.620703 3.25541 1.30216
0.621094 3.25668 1.30267
0.621484 3.25796 1.30318
0.621875 3.25923 1.30369
0.622266 3.2605 1.3042
0.622656 3.26178 1.30471
0.623047 3.26305 1.30522
0.623438 3.26433 1.30573
0.623828 3.2656 1.30624
0.624219 3.26688 1.30675
0.624609 3.26815 1.30726
0.625 3.26943 1.30777
0.625391 3.27071 1.30828
0.625781 3.27199 1.30879
0.626172 3.27326 1.30931
0.626563 3.27454 1.30982
0.626953 3.27582 1.31033
0.627344 3.2771 1.31084
0.627734 3.27838 1.31135
0.628125 3.27966 1.31187
0.628516 3.28094 1.31238
0.628906 3.28223 1.31289
0.629297 3.28351 1.3134
0.629688 3.28479 1.31392
0.630078 3.28608 1.31443
0.630469 3.28736 1.31494
0.630859 3.28864 1.31546
0.63125 3.28993 1.31597
0.631641 3.29121 1.31649
0.632031 3.2925 1.317
0.632422 3.29379 1.31751
0.632812 3.29507 1.31803
0.633203 3.29636 1.31854
0.633594 3.29765 1.31906
0.633984 3.29894 1.31957
0.634375 3.30023 1.32009
0.634766 3.30151 1.32061
0.635156 3.3028 1.32112
0.635547 3.3041 1.32164
0.635938 3.30539 1.32215
0.636328 3.30668 1.32267
0.636719 3.30797 1.32319
0.637109 3.30926 1.3237
0.6375 3.31055 1.32422
0.637891 3.31185 1.32474
0.638281 3.31314 1.32526
0.638672 3.31444 1.32577
0.639063 3.31573 1.32629
0.639453 3.31703 1.32681
0.639844 3.31832 1.32733
0.640234 3.31962 1.32785
0.640625 3.32092 1.32837
0.641016 3.32221 1.32889
0.641406 3.32351 1.3294
0.641797 3.32481 1.32992
0.642188 3.32611 1.33044
0.642578 3.32741 1.33096
0.642969 3.32871 1.33148
0.643359 3.33001 1.332
0.64375 3.33131 1.33252
0.644141 3.33261 1.33304
0.644531 3.33391 1.33357
0.644922 3.33522 1.33409
0.645313 3.33652 1.33461
0.645703 3.33782 1.33513
0.646094 3.33913 1.33565
0.646484 3.34043 1.33617
0.646875 3.34174 1.33669
0.647266 3.34304 1.33722
0.647656 3.34435 1.33774
0.648047 3.34566 1.33826
0.648438 3.34696 1.33879
0.648828 3.34827 1.33931
0.649219 3.34958 1.33983
0.649609 3.35089 1.34035
0.65 3.3522 1.34088
0.650391 3.35351 1.3414
0.650781 3.35482 1.34193
0.651172 3.35613 1.34245
0.651563 3.35744 1.34298
0.651953 3.35875 1.3435
0.652344 3.36006 1.34402
0.652734 3.36138 1.34455
0.653125 3.36269 1.34508
0.653516 3.364 1.3456
0.653906 3.36532 1.34613
0.654297 3.36663 1.34665
0.654688 3.36795 1.34718
0.655078 3.36926 1.34771
0.655469 3.37058 1.34823
0.655859 3.3719 1.34876
0.65625 3.37321 1.34929
0.656641 3.37453 1.34981
0.657031 3.37585 1.35034
0.657422 3.37717 1.35087
0.657813 3.37849 1.3514
0.658203 3.37981 1.35192
0.658594 3.38113 1.35245
0.658984 3.38245 1.35298
0.659375 3.38377 1.35351
0.659766 3.38509 1.35404
0.660156 3.38642 1.35457
0.660547 3.38774 1.3551
0.660938 3.38906 1.35562
0.661328 3.39039 1.35615
0.661719 3.39171 1.35668
0.662109 3.39304 1.35721
0.6625 3.39436 1.35774
0.662891 3.39569 1.35828
0.663281 3.39701 1.35881
0.663672 3.39834 1.35934
0.664062 3.39967 1.35987
0.664453 3.401 1.3604
0.664844 3.40233 1.36093
0.665234 3.40366 1.36146
0.665625 3.40499 1.36199
0.666016 3.40632 1.36253
0.666406 3.40765 1.36306
0.666797 3.40898 1.36359
0.667188 3.41031 1.36412
0.667578 3.41164 1.36466
0.667969 3.41298 1.36519
0.668359 3.41431 1.36572
0.66875 3.41564 1.36626
0.669141 3.41698 1.36679
0.669531 3.41831 1.36733
0.669922 3.41965 1.36786
0.670313 3.42098 1.36839
0.670703 3.42232 1.36893
0.671094 3.42366 1.36946
0.671484 3.425 1.37
0.671875 3.42633 1.37053
0.672266 3.42767 1.37107
0.672656 3.42901 1.3716
0.673047 3.43035 1.37214
0.673438 3.43169 1.37268
0.673828 3.43303 1.37321
0.674219 3.43437 1.37375
0.674609 3.43572 1.37429
0.675 3.43706 1.37482
0.675391 3.4384 1.37536
0.675781 3.43974 1.3759
0.676172 3.44109 1.37644
0.676563 3.44243 1.37697
0.676953 3.44378 1.37751
0.677344 3.44512 1.37805
0.677734 3.44647 1.37859
0.678125 3.44782 1.37913
0.678516 3.44916 1.37966
0.678906 3.45051 1.3802
0.679297 3.45186 1.38074
0.679688 3.45321 1.38128
0.680078 3.45456 1.38182
0.680469 3.45591 1.38236
0.680859 3.45726 1.3829
0.68125 3.45861 1.38344
0.681641 3.45996 1.38398
0.682031 3.46131 1.38452
0.682422 3.46266 1.38506
0.682813 3.46401 1.38561
0.683203 3.46537 1.38615
0.683594 3.46672 1.38669
0.683984 3.46808 1.38723
0.684375 3.46943 1.38777
0.684766 3.47079 1.38831
0.685156 3.47214 1.38886
0.685547 3.4735 1.3894
0.685938 3.47486 1.38994
0.686328 3.47621 1.39049
0.686719 3.47757 1.39103
0.687109 3.47893 1.39157
0.6875 3.48029 1.39212
0.687891 3.48165 1.39266
0.688281 3.48301 1.3932
0.688672 3.48437 1.39375
0.689063 3.48573 1.39429
0.689453 3.48709 1.39484
0.689844 3.48846 1.39538
0.690234 3.48982 1.39593
0.690625 3.49118 1.39647
0.691016 3.49255 1.39702
0.691406 3.49391 1.39756
0.691797 3.49528 1.39811
0.692188 3.49664 1.39866
0.692578 3.49801 1.3992
0.692969 3.49938 1.39975
0.693359 3.50074 1.4003
0.69375 3.50211 1.40084
0.694141 3.50348 1.40139
0.694531 3.50485 1.40194
0.694922 3.50622 1.40249
0.695312 3.50759 1.40303
0.695703 3.50896 1.40358
0.696094 3.51033 1.40413
0.696484 3.5117 1.40468
0.696875 3.51307 1.40523
0.697266 3.51444 1.40578
0.697656 3.51582 1.40633
0.698047 3.51719 1.40688
0.698438 3.51857 1.40743
0.698828 3.51994 1.40798
0.699219 3.52132 1.40853
0.699609 3.52269 1.40908
0.7 3.52407 1.40963
0.700391 3.52544 1.41018
0.700781 3.52682 1.41073
0.701172 3.5282 1.41128
0.701563 3.52958 1.41183
0.701953 3.53096 1.41238
0.702344 3.53234 1.41293
0.702734 3.53372 1.41349
0.703125 3.5351 1.41404
0.703516 3.53648 1.41459
0.703906 3.53786 1.41514
0.704297 3.53924 1.4157
0.704688 3.54063 1.41625
0.705078 3.54201 1.4168
0.705469 3.54339 1.41736
0.705859 3.54478 1.41791
0.70625 3.54616 1.41846
0.706641 3.54755 1.41902
0.707031 3.54893 1.41957
0.707422 3.55032 1.42013
0.707813 3.55171 1.42068
0.708203 3.55309 1.42124
0.708594 3.55448 1.42179
0.708984 3.55587 1.42235
0.709375 3.55726 1.4229
0.709766 3.55865 1.42346
0.710156 3.56004 1.42402
0.710547 3.56143 1.42457
0.710938 3.56282 1.42513
0.711328 3.56422 1.42569
0.711719 3.56561 1.42624
0.712109 3.567 1.4268
0.7125 3.56839 1.42736
0.712891 3.56979 1.42792
0.713281 3.57118 1.42847
0.713672 3.57258 1.42903
0.714063 3.57397 1.42959
0.714453 3.57537 1.43015
0.714844 3.57677 1.43071
0.715234 3.57817 1.43127
0.715625 3.57956 1.43183
0.716016 3.58096 1.43238
0.716406 3.58236 1.43294
0.716797 3.58376 1.4335
0.717188 3.58516 1.43406
0.717578 3.58656 1.43462
0.717969 3.58796 1.43519
0.718359 3.58936 1.43575
0.71875 3.59077 1.43631
0.719141 3.59217 1.43687
0.719531 3.59357 1.43743
0.719922 3.59498 1.43799
0.720313 3.59638 1.43855
0.720703 3.59779 1.43911
0.721094 3.59919 1.43968
0.721484 3.6006 1.44024
0.721875 3.60201 1.4408
0.722266 3.60341 1.44137
0.722656 3.60482 1.44193
0.723047 3.60623 1.44249
0.723438 3.60764 1.44306
0.723828 3.60905 1.44362
0.724219 3.61046 1.44418
0.724609 3.61187 1.44475
0.725 3.61328 1.44531
0.725391 3.61469 1.44588
0.725781 3.6161 1.44644
0.726172 3.61752 1.44701
0.726562 3.61893 1.44757
0.726953 3.62034 1.44814
0.727344 3.62176 1.4487
0.727734 3.62317 1.44927
0.728125 3.62459 1.44984
0.728516 3.626 1.4504
0.728906 3.62742 1.45097
0.729297 3.62884 1.45154
0.729688 3.63026 1.4521
0.730078 3.63167 1.45267
0.730469 3.63309 1.45324
0.730859 3.63451 1.45381
0.73125 3.63593 1.45437
0.731641 3.63735 1.45494
0.732031 3.63877 1.45551
0.732422 3.6402 1.45608
0.732813 3.64162 1.45665
0.733203 3.64304 1.45722
0.733594 3.64446 1.45779
0.733984 3.64589 1.45836
0.734375 3.64731 1.45893
0.734766 3.64874 1.4595
0.735156 3.65016 1.46007
0.735547 3.65159 1.46064
0.735938 3.65302 1.46121
0.736328 3.65444 1.46178
0.736719 3.65587 1.46235
0.737109 3.6573 1.46292
0.7375 3.65873 1.46349
0.737891 3.66016 1.46406
0.738281 3.66159 1.46464
0.738672 3.66302 1.46521
0.739063 3.66445 1.46578
0.739453 3.66588 1.46635
0.739844 3.66731 1.46693
0.740234 3.66875 1.4675
0.740625 3.67018 1.46807
0.741016 3.67161 1.46865
0.741406 3.67305 1.46922
0.741797 3.67448 1.46979
0.742188 3.67592 1.47037
0.742578 3.67736 1.47094
0.742969 3.67879 1.47152
0.743359 3.68023 1.47209
0.74375 3.68167 1.47267
0.744141 3.68311 1.47324
0.744531 3.68454 1.47382
0.744922 3.68598 1.47439
0.745313 3.68742 1.47497
0.745703 3.68887 1.47555
0.746094 3.69031 1.47612
0.746484 3.69175 1.4767
0.746875 3.69319 1.47728
0.747266 3.69463 1.47785
0.747656 3.69608 1.47843
0.748047 3.69752 1.47901
0.748438 3.69897 1.47959
0.748828 3.70041 1.48016
0.749219 3.70186 1.48074
0.749609 3.7033 1.48132
0.75 3.70475 1.4819
0.750391 3.7062 1.48248
0.750781 3.70765 1.48306
0.751172 3.70909 1.48364
0.751563 3.71054 1.48422
0.751953 3.71199 1.4848
0.752344 3.71344 1.48538
0.752734 3.71489 1.48596
0.753125 3.71635 1.48654
0.753516 3.7178 1.48712
0.753906 3.71925 1.4877
0.754297 3.7207 1.48828
0.754688 3.72216 1.48886
0.755078 3.72361 1.48944
0.755469 3.72507 1.49003
0.755859 3.72652 1.49061
0.75625 3.72798 1.49119
0.756641 3.72943 1.49177
0.757031 3.73089 1.49236
0.757422 3.73235 1.49294
0.757812 3.73381 1.49352
0.758203 3.73527 1.49411
0.758594 3.73672 1.49469
0.758984 3.73818 1.49527
0.759375 3.73965 1.49586
0.759766 3.74111 1.49644
0.760156 3.74257 1.49703
0.760547 3.74403 1.49761
0.760938 3.74549 1.4982
0.761328 3.74696 1.49878
0.761719 3.74842 1.49937
0.762109 3.74988 1.49995
0.7625 3.75135 1.50054
0.762891 3.75282 1.50113
0.763281 3.75428 1.50171
0.763672 3.75575 1.5023
0.764063 3.75722 1.50289
0.764453 3.75868 1.50347
0.764844 3.76015 1.50406
0.765234 3.76162 1.50465
0.765625 3.76309 1.50524
0.766016 3.76456 1.50582
0.766406 3.76603 1.50641
0.766797 3.7675 1.507
0.767188 3.76898 1.50759
0.767578 3.77045 1.50818
0.767969 3.77192 1.50877
0.768359 3.7734 1.50936
0.76875 3.77487 1.50995
0.769141 3.77634 1.51054
0.769531 3.77782 1.51113
0.769922 3.7793 1.51172
0.770313 3.78077 1.51231
0.770703 3.78225 1.5129
0.771094 3.78373 1.51349
0.771484 3.78521 1.51408
0.771875 3.78668 1.51467
0.772266 3.78816 1.51527
0.772656 3.78964 1.51586
0.773047 3.79112 1.51645
0.773438 3.79261 1.51704
0.773828 3.79409 1.51763
0.774219 3.79557 1.51823
0.774609 3.79705 1.51882
0.775 3.79854 1.51941
0.775391 3.80002 1.52001
0.775781 3.8015 1.5206
0.776172 3.80299 1.5212
0.776563 3.80448 1.52179
0.776953 3.80596 1.52238
0.777344 3.80745 1.52298
0.777734 3.80894 1.52357
0.778125 3.81043 1.52417
0.778516 3.81191 1.52477
0.778906 3.8134 1.52536
0.779297 3.81489 1.52596
0.779688 3.81638 1.52655
0.780078 3.81787 1.52715
0.780469 3.81937 1.52775
0.780859 3.82086 1.52834
0.78125 3.82235 1.52894
0.781641 3.82384 1.52954
0.782031 3.82534 1.53014
0.782422 3.82683 1.53073
0.782813 3.82833 1.53133
0.783203 3.82982 1.53193
0.783594 3.83132 1.53253
0.783984 3.83282 1.53313
0.784375 3.83431 1.53373
0.784766 3.83581 1.53433
0.785156 3.83731 1.53492
0.785547 3.83881 1.53552
0.785938 3.84031 1.53612
0.786328 3.84181 1.53672
0.786719 3.84331 1.53732
0.787109 3.84481 1.53793
0.7875 3.84632 1.53853
0.787891 3.84782 1.53913
0.788281 3.84932 1.53973
0.788672 3.85083 1.54033
0.789062 3.85233 1.54093
0.789453 3.85384 1.54153
0.789844 3.85534 1.54214
0.790234 3.85685 1.54274
0.790625 3.85835 1.54334
0.791016 3.85986 1.54394
0.791406 3.86137 1.54455
0.791797 3.86288 1.54515
0.792188 3.86439 1.54576
0.792578 3.8659 1.54636
0.792969 3.86741 1.54696
0.793359 3.86892 1.54757
0.79375 3.87043 1.54817
0.794141 3.87194 1.54878
0.794531 3.87346 1.54938
0.794922 3.87497 1.54999
0.795313 3.87648 1.55059
0.795703 3.878 1.5512
0.796094 3.87951 1.55181
0.796484 3.88103 1.55241
0.796875 3.88254 1.55302
0.797266 3.88406 1.55362
0.797656 3.88558 1.55423
0.798047 3.8871 1.55484
0.798438 3.88862 1.55545
0.798828 3.89014 1.55605
0.799219 3.89166 1.55666
0.799609 3.89318 1.55727
0.8 3.8947 1.55788
0.800391 3.89622 1.55849
0.800781 3.89774 1.5591
0.801172 3.89926 1.55971
0.801563 3.90079 1.56031
0.801953 3.90231 1.56092
0.802344 3.90384 1.56153
0.802734 3.90536 1.56214
0.803125 3.90689 1.56275
0.803516 3.90841 1.56337
0.803906 3.90994 1.56398
0.804297 3.91147 1.56459
0.804688 3.913 1.5652
0.805078 3.91452 1.56581
0.805469 3.91605 1.56642
0.805859 3.91758 1.56703
0.80625 3.91911 1.56765
0.806641 3.92065 1.56826
0.807031 3.92218 1.56887
0.807422 3.92371 1.56948
0.807813 3.92524 1.5701
0.808203 3.92678 1.57071
0.808594 3.92831 1.57132
0.808984 3.92985 1.57194
0.809375 3.93138 1.57255
0.809766 3.93292 1.57317
0.810156 3.93445 1.57378
0.810547 3.93599 1.5744
0.810938 3.93753 1.57501
0.811328 3.93907 1.57563
0.811719 3.94061 1.57624
0.812109 3.94215 1.57686
0.8125 3.94369 1.57747
0.812891 3.94523 1.57809
0.813281 3.94677 1.57871
0.813672 3.94831 1.57932
0.814063 3.94985 1.57994
0.814453 3.9514 1.58056
0.814844 3.95294 1.58118
0.815234 3.95448 1.58179
0.815625 3.95603 1.58241
0.816016 3.95757 1.58303
0.816406 3.95912 1.58365
0.816797 3.96067 1.58427
0.817188 3.96222 1.58489
0.817578 3.96376 1.58551
0.817969 3.96531 1.58612
0.818359 3.96686 1.58674
0.81875 3.96841 1.58736
0.819141 3.96996 1.58798
0.819531 3.97151 1.58861
0.819922 3.97306 1.58923
0.820312 3.97462 1.58985
0.820703 3.97617 1.59047
0.821094 3.97772 1.59109
0.821484 3.97928 1.59171
0.821875 3.98083 1.59233
0.822266 3.98239 1.59295
0.822656 3.98394 1.59358
0.823047 3.9855 1.5942
0.823438 3.98706 1.59482
0.823828 3.98861 1.59545
0.824219 3.99017 1.59607
0.824609 3.99173 1.59669
0.825 3.99329 1.59732
0.825391 3.99485 1.59794
0.825781 3.99641 1.59856
0.826172 3.99797 1.59919
0.826563 3.99954 1.59981
0.826953 4.0011 1.60044
0.827344 4.00266 1.60106
0.827734 4.00423 1.60169
0.828125 4.00579 1.60232
0.828516 4.00735 1.60294
0.828906 4.00892 1.60357
0.829297 4.01049 1.60419
0.829688 4.01205 1.60482
0.830078 4.01362 1.60545
0.830469 4.01519 1.60608
0.830859 4.01676 1.6067
0.83125 4.01833 1.60733
0.831641 4.0199 1.60796
0.832031 4.02147 1.60859
0.832422 4.02304 1.60922
0.832813 4.02461 1.60984
0.833203 4.02618 1.61047
0.833594 4.02776 1.6111
0.833984 4.02933 1.61173
0.834375 4.0309 1.61236
0.834766 4.03248 1.61299
0.835156 4.03405 1.61362
0.835547 4.03563 1.61425
0.835938 4.03721 1.61488
0.836328 4.03879 1.61551
0.836719 4.04036 1.61615
0.837109 4.04194 1.61678
0.8375 4.04352 1.61741
0.837891 4.0451 1.61804
0.838281 4.04668 1.61867
0.838672 4.04826 1.6193
0.839063 4.04984 1.61994
0.839453 4.05143 1.62057
0.839844 4.05301 1.6212
0.840234 4.05459 1.62184
0.840625 4.05618 1.62247
0.841016 4.05776 1.6231
0.841406 4.05935 1.62374
0.841797 4.06093 1.62437
0.842188 4.06252 1.62501
0.842578 4.06411 1.62564
0.842969 4.06569 1.62628
0.843359 4.06728 1.62691
0.84375 4.06887 1.62755
0.844141 4.07046 1.62818
0.844531 4.07205 1.62882
0.844922 4.07364 1.62946
0.845313 4.07523 1.63009
0.845703 4.07683 1.63073
0.846094 4.07842 1.63137
0.846484 4.08001 1.63201
0.846875 4.08161 1.63264
0.847266 4.0832 1.63328
0.847656 4.0848 1.63392
0.848047 4.08639 1.63456
0.848438 4.08799 1.6352
0.848828 4.08959 1.63583
0.849219 4.09118 1.63647
0.849609 4.09278 1.63711
0.85 4.09438 1.63775
0.850391 4.09598 1.63839
0.850781 4.09758 1.63903
0.851172 4.09918 1.63967
0.851562 4.10078 1.64031
0.851953 4.10239 1.64095
0.852344 4.10399 1.6416
0.852734 4.10559 1.64224
0.853125 4.1072 1.64288
0.853516 4.1088 1.64352
0.853906 4.11041 1.64416
0.854297 4.11201 1.64481
0.854688 4.11362 1.64545
0.855078 4.11523 1.64609
0.855469 4.11683 1.64673
0.855859 4.11844 1.64738
0.85625 4.12005 1.64802
0.856641 4.12166 1.64866
0.857031 4.12327 1.64931
0.857422 4.12488 1.64995
0.857813 4.12649 1.6506
0.858203 4.12811 1.65124
0.858594 4.12972 1.65189
0.858984 4.13133 1.65253
0.859375 4.13295 1.65318
0.859766 4.13456 1.65382
0.860156 4.13618 1.65447
0.860547 4.13779 1.65512
0.860938 4.13941 1.65576
0.861328 4.14103 1.65641
0.861719 4.14265 1.65706
0.862109 4.14426 1.65771
0.8625 4.14588 1.65835
0.862891 4.1475 1.659
0.863281 4.14912 1.65965
0.863672 4.15074 1.6603
0.864063 4.15237 1.66095
0.864453 4.15399 1.6616
0.864844 4.15561 1.66224
0.865234 4.15723 1.66289
0.865625 4.15886 1.66354
0.866016 4.16048 1.66419
0.866406 4.16211 1.66484
0.866797 4.16374 1.66549
0.867188 4.16536 1.66614
0.867578 4.16699 1.6668
0.867969 4.16862 1.66745
0.868359 4.17025 1.6681
0.86875 4.17188 1.66875
0.869141 4.17351 1.6694
0.869531 4.17514 1.67005
0.869922 4.17677 1.67071
0.870313 4.1784 1.67136
0.870703 4.18003 1.67201
0.871094 4.18167 1.67267
0.871484 4.1833 1.67332
0.871875 4.18493 1.67397
0.872266 4.18657 1.67463
0.872656 4.1882 1.67528
0.873047 4.18984 1.67594
0.873438 4.19148 1.67659
0.873828 4.19312 1.67725
0.874219 4.19475 1.6779
0.874609 4.19639 1.67856
0.875 4.19803 1.67921
0.875391 4.19967 1.67987
0.875781 4.20131 1.68053
0.876172 4.20295 1.68118
0.876563 4.2046 1.68184
0.876953 4.20624 1.6825
0.877344 4.20788 1.68315
0.877734 4.20953 1.68381
0.878125 4.21117 1.68447
0.878516 4.21282 1.68513
0.878906 4.21446 1.68578
0.879297 4.21611 1.68644
0.879688 4.21776 1.6871
0.880078 4.2194 1.68776
0.880469 4.22105 1.68842
0.880859 4.2227 1.68908
0.88125 4.22435 1.68974
0.881641 4.226 1.6904
0.882031 4.22765 1.69106
0.882422 4.2293 1.69172
0.882812 4.23096 1.69238
0.883203 4.23261 1.69304
0.883594 4.23426 1.69371
0.883984 4.23592 1.69437
0.884375 4.23757 1.69503
0.884766 4.23923 1.69569
0.885156 4.24089 1.69635
0.885547 4.24254 1.69702
0.885938 4.2442 1.69768
0.886328 4.24586 1.69834
0.886719 4.24752 1.69901
0.887109 4.24918 1.69967
0.8875 4.25084 1.70033
0.887891 4.2525 1.701
0.888281 4.25416 1.70166
0.888672 4.25582 1.70233
0.889063 4.25748 1.70299
0.889453 4.25915 1.70366
0.889844 4.26081 1.70432
0.890234 4.26248 1.70499
0.890625 4.26414 1.70566
0.891016 4.26581 1.70632
0.891406 4.26747 1.70699
0.891797 4.26914 1.70766
0.892188 4.27081 1.70832
0.892578 4.27248 1.70899
0.892969 4.27415 1.70966
0.893359 4.27582 1.71033
0.89375 4.27749 1.71099
0.894141 4.27916 1.71166
0.894531 4.28083 1.71233
0.894922 4.2825 1.713
0.895313 4.28418 1.71367
0.895703 4.28585 1.71434
0.896094 4.28752 1.71501
0.896484 4.2892 1.71568
0.896875 4.29088 1.71635
0.897266 4.29255 1.71702
0.897656 4.29423 1.71769
0.898047 4.29591 1.71836
0.898438 4.29759 1.71903
0.898828 4.29926 1.71971
0.899219 4.30094 1.72038
0.899609 4.30262 1.72105
0.9 4.30431 1.72172
0.900391 4.30599 1.72239
0.900781 4.30767 1.72307
0.901172 4.30935 1.72374
0.901563 4.31104 1.72441
0.901953 4.31272 1.72509
0.902344 4.31441 1.72576
0.902734 4.31609 1.72644
0.903125 4.31778 1.72711
0.903516 4.31946 1.72779
0.903906 4.32115 1.72846
0.904297 4.32284 1.72914
0.904688 4.32453 1.72981
0.905078 4.32622 1.73049
0.905469 4.32791 1.73116
0.905859 4.3296 1.73184
0.90625 4.33129 1.73252
0.906641 4.33298 1.73319
0.907031 4.33468 1.73387
0.907422 4.33637 1.73455
0.907813 4.33806 1.73523
0.908203 4.33976 1.7359
0.908594 4.34145 1.73658
0.908984 4.34315 1.73726
0.909375 4.34485 1.73794
0.909766 4.34655 1.73862
0.910156 4.34824 1.7393
0.910547 4.34994 1.73998
0.910938 4.35164 1.74066
0.911328 4.35334 1.74134
0.911719 4.35504 1.74202
0.912109 4.35674 1.7427
0.9125 4.35845 1.74338
0.912891 4.36015 1.74406
0.913281 4.36185 1.74474
0.913672 4.36356 1.74542
0.914062 4.36526 1.7461
0.914453 4.36697 1.74679
0.914844 4.36867 1.74747
0.915234 4.37038 1.74815
0.915625 4.37209 1.74884
0.916016 4.3738 1.74952
0.916406 4.37551 1.7502
0.916797 4.37721 1.75089
0.917188 4.37893 1.75157
0.917578 4.38064 1.75225
0.917969 4.38235 1.75294
0.918359 4.38406 1.75362
0.91875 4.38577 1.75431
0.919141 4.38749 1.75499
0.919531 4.3892 1.75568
0.919922 4.39092 1.75637
0.920313 4.39263 1.75705
0.920703 4.39435 1.75774
0.921094 4.39606 1.75843
0.921484 4.39778 1.75911
0.921875 4.3995 1.7598
0.922266 4.40122 1.76049
0.922656 4.40294 1.76118
0.923047 4.40466 1.76186
0.923438 4.40638 1.76255
0.923828 4.4081 1.76324
0.924219 4.40982 1.76393
0.924609 4.41155 1.76462
0.925 4.41327 1.76531
0.925391 4.41499 1.766
0.925781 4.41672 1.76669
0.926172 4.41844 1.76738
0.926563 4.42017 1.76807
0.926953 4.4219 1.76876
0.927344 4.42363 1.76945
0.927734 4.42535 1.77014
0.928125 4.42708 1.77083
0.928516 4.42881 1.77152
0.928906 4.43054 1.77222
0.929297 4.43227 1.77291
0.929688 4.43401 1.7736
0.930078 4.43574 1.7743
0.930469 4.43747 1.77499
0.930859 4.4392 1.77568
0.93125 4.44094 1.77638
0.931641 4.44267 1.77707
0.932031 4.44441 1.77776
0.932422 4.44615 1.77846
0.932813 4.44788 1.77915
0.933203 4.44962 1.77985
0.933594 4.45136 1.78054
0.933984 4.4531 1.78124
0.934375 4.45484 1.78194
0.934766 4.45658 1.78263
0.935156 4.45832 1.78333
0.935547 4.46006 1.78402
0.935938 4.4618 1.78472
0.936328 4.46355 1.78542
0.936719 4.46529 1.78612
0.937109 4.46704 1.78681
0.9375 4.46878 1.78751
0.937891 4.47053 1.78821
0.938281 4.47227 1.78891
0.938672 4.47402 1.78961
0.939063 4.47577 1.79031
0.939453 4.47752 1.79101
0.939844 4.47927 1.79171
0.940234 4.48102 1.79241
0.940625 4.48277 1.79311
0.941016 4.48452 1.79381
0.941406 4.48627 1.79451
0.941797 4.48802 1.79521
0.942188 4.48978 1.79591
0.942578 4.49153 1.79661
0.942969 4.49329 1.79731
0.943359 4.49504 1.79802
0.94375 4.4968 1.79872
0.944141 4.49856 1.79942
0.944531 4.50031 1.80013
0.944922 4.50207 1.80083
0.945312 4.50383 1.80153
0.945703 4.50559 1.80224
0.946094 4.50735 1.80294
0.946484 4.50911 1.80364
0.946875 4.51087 1.80435
0.947266 4.51264 1.80505
0.947656 4.5144 1.80576
0.948047 4.51616 1.80647
0.948438 4.51793 1.80717
0.948828 4.51969 1.80788
0.949219 4.52146 1.80858
0.949609 4.52322 1.80929
0.95 4.52499 1.81
0.950391 4.52676 1.8107
0.950781 4.52853 1.81141
0.951172 4.5303 1.81212
0.951563 4.53207 1.81283
0.951953 4.53384 1.81354
0.952344 4.53561 1.81424
0.952734 4.53738 1.81495
0.953125 4.53915 1.81566
0.953516 4.54093 1.81637
0.953906 4.5427 1.81708
0.954297 4.54448 1.81779
0.954688 4.54625 1.8185
0.955078 4.54803 1.81921
0.955469 4.54981 1.81992
0.955859 4.55158 1.82063
0.95625 4.55336 1.82134
0.956641 4.55514 1.82206
0.957031 4.55692 1.82277
0.957422 4.5587 1.82348
0.957813 4.56048 1.82419
0.958203 4.56226 1.82491
0.958594 4.56405 1.82562
0.958984 4.56583 1.82633
0.959375 4.56761 1.82705
0.959766 4.5694 1.82776
0.960156 4.57118 1.82847
0.960547 4.57297 1.82919
0.960938 4.57476 1.8299
0.961328 4.57654 1.83062
0.961719 4.57833 1.83133
0.962109 4.58012 1.83205
0.9625 4.58191 1.83276
0.962891 4.5837 1.83348
0.963281 4.58549 1.8342
0.963672 4.58728 1.83491
0.964063 4.58907 1.83563
0.964453 4.59087 1.83635
0.964844 4.59266 1.83706
0.965234 4.59446 1.83778
0.965625 4.59625 1.8385
0.966016 4.59805 1.83922
0.966406 4.59984 1.83994
0.966797 4.60164 1.84066
0.967188 4.60344 1.84137
0.967578 4.60524 1.84209
0.967969 4.60704 1.84281
0.968359 4.60884 1.84353
0.96875 4.61064 1.84425
0.969141 4.61244 1.84497
0.969531 4.61424 1.8457
0.969922 4.61604 1.84642
0.970313 4.61785 1.84714
0.970703 4.61965 1.84786
0.971094 4.62145 1.84858
0.971484 4.62326 1.8493
0.971875 4.62507 1.85003
0.972266 4.62687 1.85075
0.972656 4.62868 1.85147
0.973047 4.63049 1.8522
0.973438 4.6323 1.85292
0.973828 4.63411 1.85364
0.974219 4.63592 1.85437
0.974609 4.63773 1.85509
0.975 4.63954 1.85582
0.975391 4.64136 1.85654
0.975781 4.64317 1.85727
0.976172 4.64498 1.85799
0.976562 4.6468 1.85872
0.976953 4.64861 1.85945
0.977344 4.65043 1.86017
0.977734 4.65225 1.8609
0.978125 4.65406 1.86163
0.978516 4.65588 1.86235
0.978906 4.6577 1.86308
0.979297 4.65952 1.86381
0.979688 4.66134 1.86454
0.980078 4.66316 1.86527
0.980469 4.66498 1.86599
0.980859 4.66681 1.86672
0.98125 4.66863 1.86745
0.981641 4.67045 1.86818
0.982031 4.67228 1.86891
0.982422 4.6741 1.86964
0.982813 4.67593 1.87037
0.983203 4.67776 1.8711
0.983594 4.67959 1.87183
0.983984 4.68141 1.87257
0.984375 4.68324 1.8733
0.984766 4.68507 1.87403
0.985156 4.6869 1.87476
0.985547 4.68873 1.87549
0.985938 4.69057 1.87623
0.986328 4.6924 1.87696
0.986719 4.69423 1.87769
0.987109 4.69607 1.87843
0.9875 4.6979 1.87916
0.987891 4.69974 1.87989
0.988281 4.70157 1.88063
0.988672 4.70341 1.88136
0.989063 4.70525 1.8821
0.989453 4.70709 1.88283
0.989844 4.70892 1.88357
0.990234 4.71076 1.88431
0.990625 4.7126 1.88504
0.991016 4.71445 1.88578
0.991406 4.71629 1.88652
0.991797 4.71813 1.88725
0.992188 4.71997 1.88799
0.992578 4.72182 1.88873
0.992969 4.72366 1.88947
0.993359 4.72551 1.8902
0.99375 4.72735 1.89094
0.994141 4.7292 1.89168
0.994531 4.73105 1.89242
0.994922 4.7329 1.89316
0.995313 4.73475 1.8939
0.995703 4.7366 1.89464
0.996094 4.73845 1.89538
0.996484 4.7403 1.89612
0.996875 4.74215 1.89686
0.997266 4.744 1.8976
0.997656 4.74586 1.89834
0.998047 4.74771 1.89908
0.998438 4.74957 1.89983
0.998828 4.75142 1.90057
0.999219 4.75328 1.90131
0.999609 4.75514 1.90205
