1 0.5
1.001 0.5
1.002 0.5
1.003 0.499999
1.004 0.499998
1.005 0.499997
1.006 0.499996
1.007 0.499994
1.008 0.499992
1.009 0.49999
1.01 0.499988
1.011 0.499985
1.012 0.499982
1.013 0.499979
1.014 0.499976
1.015 0.499972
1.016 0.499968
1.017 0.499964
1.018 0.49996
1.019 0.499955
1.02 0.49995
1.021 0.499945
1.022 0.49994
1.023 0.499935
1.024 0.499929
1.025 0.499923
1.026 0.499917
1.027 0.49991
1.028 0.499903
1.029 0.499896
1.03 0.499889
1.031 0.499882
1.032 0.499874
1.033 0.499866
1.034 0.499858
1.035 0.499849
1.036 0.499841
1.037 0.499832
1.038 0.499823
1.039 0.499813
1.04 0.499804
1.041 0.499794
1.042 0.499784
1.043 0.499774
1.044 0.499763
1.045 0.499752
1.046 0.499741
1.047 0.49973
1.048 0.499719
1.049 0.499707
1.05 0.499695
1.051 0.499683
1.052 0.499671
1.053 0.499658
1.054 0.499645
1.055 0.499632
1.056 0.499619
1.057 0.499605
1.058 0.499591
1.059 0.499577
1.06 0.499563
1.061 0.499549
1.062 0.499534
1.063 0.499519
1.064 0.499504
1.065 0.499488
1.066 0.499473
1.067 0.499457
1.068 0.499441
1.069 0.499425
1.07 0.499408
1.071 0.499391
1.072 0.499374
1.073 0.499357
1.074 0.49934
1.075 0.499322
1.076 0.499304
1.077 0.499286
1.078 0.499268
1.079 0.499249
1.08 0.49923
1.081 0.499211
1.082 0.499192
1.083 0.499173
1.084 0.499153
1.085 0.499133
1.086 0.499113
1.087 0.499093
1.088 0.499072
1.089 0.499052
1.09 0.499031
1.091 0.499009
1.092 0.498988
1.093 0.498966
1.094 0.498945
1.095 0.498922
1.096 0.4989
1.097 0.498878
1.098 0.498855
1.099 0.498832
1.1 0.498809
1.101 0.498785
1.102 0.498762
1.103 0.498738
1.104 0.498714
1.105 0.49869
1.106 0.498665
1.107 0.498641
1.108 0.498616
1.109 0.498591
1.11 0.498565
1.111 0.49854
1.112 0.498514
1.113 0.498488
1.114 0.498462
1.115 0.498436
1.116 0.498409
1.117 0.498382
1.118 0.498355
1.119 0.498328
1.12 0.498301
1.121 0.498273
1.122 0.498245
1.123 0.498217
1.124 0.498189
1.125 0.49816
1.126 0.498131
1.127 0.498103
1.128 0.498073
1.129 0.498044
1.13 0.498015
1.131 0.497985
1.132 0.497955
1.133 0.497925
1.134 0.497894
1.135 0.497864
1.136 0.497833
1.137 0.497802
1.138 0.497771
1.139 0.497739
1.14 0.497708
1.141 0.497676
1.142 0.497644
1.143 0.497612
1.144 0.497579
1.145 0.497547
1.146 0.497514
1.147 0.497481
1.148 0.497448
1.149 0.497414
1.15 0.497381
1.151 0.497347
1.152 0.497313
1.153 0.497278
1.154 0.497244
1.155 0.497209
1.156 0.497174
1.157 0.497139
1.158 0.497104
1.159 0.497069
1.16 0.497033
1.161 0.496997
1.162 0.496961
1.163 0.496925
1.164 0.496888
1.165 0.496852
1.166 0.496815
1.167 0.496778
1.168 0.49674
1.169 0.496703
1.17 0.496665
1.171 0.496628
1.172 0.496589
1.173 0.496551
1.174 0.496513
1.175 0.496474
1.176 0.496435
1.177 0.496396
1.178 0.496357
1.179 0.496318
1.18 0.496278
1.181 0.496238
1.182 0.496198
1.183 0.496158
1.184 0.496118
1.185 0.496077
1.186 0.496036
1.187 0.495995
1.188 0.495954
1.189 0.495913
1.19 0.495871
1.191 0.495829
1.192 0.495788
1.193 0.495745
1.194 0.495703
1.195 0.495661
1.196 0.495618
1.197 0.495575
1.198 0.495532
1.199 0.495489
1.2 0.495445
1.201 0.495401
1.202 0.495358
1.203 0.495314
1.204 0.495269
1.205 0.495225
1.206 0.49518
1.207 0.495136
1.208 0.495091
1.209 0.495045
1.21 0.495
1.211 0.494954
1.212 0.494909
1.213 0.494863
1.214 0.494817
1.215 0.49477
1.216 0.494724
1.217 0.494677
1.218 0.49463
1.219 0.494583
1.22 0.494536
1.221 0.494489
1.222 0.494441
1.223 0.494393
1.224 0.494345
1.225 0.494297
1.226 0.494249
1.227 0.4942
1.228 0.494152
1.229 0.494103
1.23 0.494054
1.231 0.494004
1.232 0.493955
1.233 0.493905
1.234 0.493856
1.235 0.493806
1.236 0.493755
1.237 0.493705
1.238 0.493654
1.239 0.493604
1.24 0.493553
1.241 0.493502
1.242 0.493451
1.243 0.493399
1.244 0.493347
1.245 0.493296
1.246 0.493244
1.247 0.493192
1.248 0.493139
1.249 0.493087
1.25 0.493034
1.251 0.492981
1.252 0.492928
1.253 0.492875
1.254 0.492821
1.255 0.492768
1.256 0.492714
1.257 0.49266
1.258 0.492606
1.259 0.492552
1.26 0.492497
1.261 0.492443
1.262 0.492388
1.263 0.492333
1.264 0.492278
1.265 0.492222
1.266 0.492167
1.267 0.492111
1.268 0.492055
1.269 0.491999
1.27 0.491943
1.271 0.491886
1.272 0.49183
1.273 0.491773
1.274 0.491716
1.275 0.491659
1.276 0.491602
1.277 0.491544
1.278 0.491487
1.279 0.491429
1.28 0.491371
1.281 0.491313
1.282 0.491254
1.283 0.491196
1.284 0.491137
1.285 0.491078
1.286 0.491019
1.287 0.49096
1.288 0.490901
1.289 0.490841
1.29 0.490782
1.291 0.490722
1.292 0.490662
1.293 0.490602
1.294 0.490541
1.295 0.490481
1.296 0.49042
1.297 0.490359
1.298 0.490298
1.299 0.490237
1.3 0.490175
1.301 0.490114
1.302 0.490052
1.303 0.48999
1.304 0.489928
1.305 0.489866
1.306 0.489804
1.307 0.489741
1.308 0.489678
1.309 0.489615
1.31 0.489552
1.311 0.489489
1.312 0.489426
1.313 0.489362
1.314 0.489298
1.315 0.489234
1.316 0.48917
1.317 0.489106
1.318 0.489042
1.319 0.488977
1.32 0.488913
1.321 0.488848
1.322 0.488783
1.323 0.488717
1.324 0.488652
1.325 0.488586
1.326 0.488521
1.327 0.488455
1.328 0.488389
1.329 0.488323
1.33 0.488256
1.331 0.48819
1.332 0.488123
1.333 0.488056
1.334 0.487989
1.335 0.487922
1.336 0.487855
1.337 0.487787
1.338 0.487719
1.339 0.487652
1.34 0.487584
1.341 0.487516
1.342 0.487447
1.343 0.487379
1.344 0.48731
1.345 0.487241
1.346 0.487172
1.347 0.487103
1.348 0.487034
1.349 0.486965
1.35 0.486895
1.351 0.486825
1.352 0.486755
1.353 0.486685
1.354 0.486615
1.355 0.486545
1.356 0.486474
1.357 0.486403
1.358 0.486333
1.359 0.486262
1.36 0.48619
1.361 0.486119
1.362 0.486048
1.363 0.485976
1.364 0.485904
1.365 0.485832
1.366 0.48576
1.367 0.485688
1.368 0.485615
1.369 0.485543
1.37 0.48547
1.371 0.485397
1.372 0.485324
1.373 0.485251
1.374 0.485177
1.375 0.485104
1.376 0.48503
1.377 0.484956
1.378 0.484882
1.379 0.484808
1.38 0.484734
1.381 0.48466
1.382 0.484585
1.383 0.48451
1.384 0.484435
1.385 0.48436
1.386 0.484285
1.387 0.48421
1.388 0.484134
1.389 0.484058
1.39 0.483983
1.391 0.483907
1.392 0.48383
1.393 0.483754
1.394 0.483678
1.395 0.483601
1.396 0.483524
1.397 0.483448
1.398 0.483371
1.399 0.483293
1.4 0.483216
1.401 0.483138
1.402 0.483061
1.403 0.482983
1.404 0.482905
1.405 0.482827
1.406 0.482749
1.407 0.48267
1.408 0.482592
1.409 0.482513
1.41 0.482434
1.411 0.482355
1.412 0.482276
1.413 0.482197
1.414 0.482117
1.415 0.482038
1.416 0.481958
1.417 0.481878
1.418 0.481798
1.419 0.481718
1.42 0.481638
1.421 0.481557
1.422 0.481476
1.423 0.481396
1.424 0.481315
1.425 0.481234
1.426 0.481152
1.427 0.481071
1.428 0.48099
1.429 0.480908
1.43 0.480826
1.431 0.480744
1.432 0.480662
1.433 0.48058
1.434 0.480497
1.435 0.480415
1.436 0.480332
1.437 0.480249
1.438 0.480166
1.439 0.480083
1.44 0.48
1.441 0.479917
1.442 0.479833
1.443 0.479749
1.444 0.479666
1.445 0.479582
1.446 0.479497
1.447 0.479413
1.448 0.479329
1.449 0.479244
1.45 0.479159
1.451 0.479075
1.452 0.47899
1.453 0.478904
1.454 0.478819
1.455 0.478734
1.456 0.478648
1.457 0.478563
1.458 0.478477
1.459 0.478391
1.46 0.478305
1.461 0.478218
1.462 0.478132
1.463 0.478045
1.464 0.477959
1.465 0.477872
1.466 0.477785
1.467 0.477698
1.468 0.47761
1.469 0.477523
1.47 0.477436
1.471 0.477348
1.472 0.47726
1.473 0.477172
1.474 0.477084
1.475 0.476996
1.476 0.476907
1.477 0.476819
1.478 0.47673
1.479 0.476641
1.48 0.476553
1.481 0.476463
1.482 0.476374
1.483 0.476285
1.484 0.476195
1.485 0.476106
1.486 0.476016
1.487 0.475926
1.488 0.475836
1.489 0.475746
1.49 0.475656
1.491 0.475565
1.492 0.475475
1.493 0.475384
1.494 0.475293
1.495 0.475202
1.496 0.475111
1.497 0.47502
1.498 0.474928
1.499 0.474837
1.5 0.474745
1.501 0.474653
1.502 0.474561
1.503 0.474469
1.504 0.474377
1.505 0.474284
1.506 0.474192
1.507 0.474099
1.508 0.474007
1.509 0.473914
1.51 0.473821
1.511 0.473727
1.512 0.473634
1.513 0.473541
1.514 0.473447
1.515 0.473353
1.516 0.47326
1.517 0.473166
1.518 0.473071
1.519 0.472977
1.52 0.472883
1.521 0.472788
1.522 0.472694
1.523 0.472599
1.524 0.472504
1.525 0.472409
1.526 0.472314
1.527 0.472218
1.528 0.472123
1.529 0.472027
1.53 0.471932
1.531 0.471836
1.532 0.47174
1.533 0.471644
1.534 0.471548
1.535 0.471451
1.536 0.471355
1.537 0.471258
1.538 0.471161
1.539 0.471064
1.54 0.470967
1.541 0.47087
1.542 0.470773
1.543 0.470676
1.544 0.470578
1.545 0.47048
1.546 0.470382
1.547 0.470285
1.548 0.470186
1.549 0.470088
1.55 0.46999
1.551 0.469892
1.552 0.469793
1.553 0.469694
1.554 0.469595
1.555 0.469496
1.556 0.469397
1.557 0.469298
1.558 0.469199
1.559 0.469099
1.56 0.469
1.561 0.4689
1.562 0.4688
1.563 0.4687
1.564 0.4686
1.565 0.4685
1.566 0.468399
1.567 0.468299
1.568 0.468198
1.569 0.468097
1.57 0.467996
1.571 0.467895
1.572 0.467794
1.573 0.467693
1.574 0.467592
1.575 0.46749
1.576 0.467388
1.577 0.467287
1.578 0.467185
1.579 0.467083
1.58 0.466981
1.581 0.466878
1.582 0.466776
1.583 0.466673
1.584 0.466571
1.585 0.466468
1.586 0.466365
1.587 0.466262
1.588 0.466159
1.589 0.466055
1.59 0.465952
1.591 0.465848
1.592 0.465745
1.593 0.465641
1.594 0.465537
1.595 0.465433
1.596 0.465329
1.597 0.465225
1.598 0.46512
1.599 0.465016
1.6 0.464911
1.601 0.464806
1.602 0.464701
1.603 0.464596
1.604 0.464491
1.605 0.464386
1.606 0.464281
1.607 0.464175
1.608 0.464069
1.609 0.463964
1.61 0.463858
1.611 0.463752
1.612 0.463646
1.613 0.463539
1.614 0.463433
1.615 0.463327
1.616 0.46322
1.617 0.463113
1.618 0.463006
1.619 0.462899
1.62 0.462792
1.621 0.462685
1.622 0.462578
1.623 0.46247
1.624 0.462363
1.625 0.462255
1.626 0.462147
1.627 0.462039
1.628 0.461931
1.629 0.461823
1.63 0.461715
1.631 0.461606
1.632 0.461498
1.633 0.461389
1.634 0.46128
1.635 0.461171
1.636 0.461062
1.637 0.460953
1.638 0.460844
1.639 0.460734
1.64 0.460625
1.641 0.460515
1.642 0.460405
1.643 0.460296
1.644 0.460186
1.645 0.460076
1.646 0.459965
1.647 0.459855
1.648 0.459745
1.649 0.459634
1.65 0.459523
1.651 0.459412
1.652 0.459302
1.653 0.45919
1.654 0.459079
1.655 0.458968
1.656 0.458857
1.657 0.458745
1.658 0.458633
1.659 0.458522
1.66 0.45841
1.661 0.458298
1.662 0.458186
1.663 0.458074
1.664 0.457961
1.665 0.457849
1.666 0.457736
1.667 0.457624
1.668 0.457511
1.669 0.457398
1.67 0.457285
1.671 0.457172
1.672 0.457058
1.673 0.456945
1.674 0.456832
1.675 0.456718
1.676 0.456604
1.677 0.45649
1.678 0.456376
1.679 0.456262
1.68 0.456148
1.681 0.456034
1.682 0.455919
1.683 0.455805
1.684 0.45569
1.685 0.455575
1.686 0.455461
1.687 0.455346
1.688 0.455231
1.689 0.455115
1.69 0.455
1.691 0.454885
1.692 0.454769
1.693 0.454653
1.694 0.454538
1.695 0.454422
1.696 0.454306
1.697 0.45419
1.698 0.454073
1.699 0.453957
1.7 0.45384
1.701 0.453724
1.702 0.453607
1.703 0.45349
1.704 0.453374
1.705 0.453256
1.706 0.453139
1.707 0.453022
1.708 0.452905
1.709 0.452787
1.71 0.45267
1.711 0.452552
1.712 0.452434
1.713 0.452316
1.714 0.452198
1.715 0.45208
1.716 0.451962
1.717 0.451843
1.718 0.451725
1.719 0.451606
1.72 0.451488
1.721 0.451369
1.722 0.45125
1.723 0.451131
1.724 0.451012
1.725 0.450893
1.726 0.450773
1.727 0.450654
1.728 0.450534
1.729 0.450414
1.73 0.450295
1.731 0.450175
1.732 0.450055
1.733 0.449935
1.734 0.449814
1.735 0.449694
1.736 0.449574
1.737 0.449453
1.738 0.449332
1.739 0.449211
1.74 0.449091
1.741 0.44897
1.742 0.448848
1.743 0.448727
1.744 0.448606
1.745 0.448484
1.746 0.448363
1.747 0.448241
1.748 0.44812
1.749 0.447998
1.75 0.447876
1.751 0.447754
1.752 0.447631
1.753 0.447509
1.754 0.447387
1.755 0.447264
1.756 0.447142
1.757 0.447019
1.758 0.446896
1.759 0.446773
1.76 0.44665
1.761 0.446527
1.762 0.446403
1.763 0.44628
1.764 0.446157
1.765 0.446033
1.766 0.445909
1.767 0.445786
1.768 0.445662
1.769 0.445538
1.77 0.445413
1.771 0.445289
1.772 0.445165
1.773 0.44504
1.774 0.444916
1.775 0.444791
1.776 0.444666
1.777 0.444542
1.778 0.444417
1.779 0.444292
1.78 0.444166
1.781 0.444041
1.782 0.443916
1.783 0.44379
1.784 0.443665
1.785 0.443539
1.786 0.443413
1.787 0.443287
1.788 0.443161
1.789 0.443035
1.79 0.442909
1.791 0.442782
1.792 0.442656
1.793 0.442529
1.794 0.442403
1.795 0.442276
1.796 0.442149
1.797 0.442022
1.798 0.441895
1.799 0.441768
1.8 0.441641
1.801 0.441513
1.802 0.441386
1.803 0.441258
1.804 0.441131
1.805 0.441003
1.806 0.440875
1.807 0.440747
1.808 0.440619
1.809 0.440491
1.81 0.440362
1.811 0.440234
1.812 0.440105
1.813 0.439977
1.814 0.439848
1.815 0.439719
1.816 0.43959
1.817 0.439461
1.818 0.439332
1.819 0.439203
1.82 0.439074
1.821 0.438944
1.822 0.438815
1.823 0.438685
1.824 0.438555
1.825 0.438426
1.826 0.438296
1.827 0.438166
1.828 0.438036
1.829 0.437905
1.83 0.437775
1.831 0.437644
1.832 0.437514
1.833 0.437383
1.834 0.437253
1.835 0.437122
1.836 0.436991
1.837 0.43686
1.838 0.436729
1.839 0.436597
1.84 0.436466
1.841 0.436335
1.842 0.436203
1.843 0.436071
1.844 0.43594
1.845 0.435808
1.846 0.435676
1.847 0.435544
1.848 0.435412
1.849 0.435279
1.85 0.435147
1.851 0.435015
1.852 0.434882
1.853 0.434749
1.854 0.434617
1.855 0.434484
1.856 0.434351
1.857 0.434218
1.858 0.434085
1.859 0.433952
1.86 0.433818
1.861 0.433685
1.862 0.433551
1.863 0.433418
1.864 0.433284
1.865 0.43315
1.866 0.433016
1.867 0.432882
1.868 0.432748
1.869 0.432614
1.87 0.432479
1.871 0.432345
1.872 0.432211
1.873 0.432076
1.874 0.431941
1.875 0.431806
1.876 0.431671
1.877 0.431536
1.878 0.431401
1.879 0.431266
1.88 0.431131
1.881 0.430996
1.882 0.43086
1.883 0.430724
1.884 0.430589
1.885 0.430453
1.886 0.430317
1.887 0.430181
1.888 0.430045
1.889 0.429909
1.89 0.429773
1.891 0.429636
1.892 0.4295
1.893 0.429363
1.894 0.429227
1.895 0.42909
1.896 0.428953
1.897 0.428816
1.898 0.428679
1.899 0.428542
1.9 0.428405
1.901 0.428268
1.902 0.42813
1.903 0.427993
1.904 0.427855
1.905 0.427717
1.906 0.42758
1.907 0.427442
1.908 0.427304
1.909 0.427166
1.91 0.427027
1.911 0.426889
1.912 0.426751
1.913 0.426612
1.914 0.426474
1.915 0.426335
1.916 0.426197
1.917 0.426058
1.918 0.425919
1.919 0.42578
1.92 0.425641
1.921 0.425501
1.922 0.425362
1.923 0.425223
1.924 0.425083
1.925 0.424944
1.926 0.424804
1.927 0.424664
1.928 0.424524
1.929 0.424384
1.93 0.424244
1.931 0.424104
1.932 0.423964
1.933 0.423824
1.934 0.423683
1.935 0.423543
1.936 0.423402
1.937 0.423261
1.938 0.423121
1.939 0.42298
1.94 0.422839
1.941 0.422698
1.942 0.422557
1.943 0.422415
1.944 0.422274
1.945 0.422133
1.946 0.421991
1.947 0.421849
1.948 0.421708
1.949 0.421566
1.95 0.421424
1.951 0.421282
1.952 0.42114
1.953 0.420998
1.954 0.420856
1.955 0.420713
1.956 0.420571
1.957 0.420428
1.958 0.420286
1.959 0.420143
1.96 0.42
1.961 0.419857
1.962 0.419714
1.963 0.419571
1.964 0.419428
1.965 0.419285
1.966 0.419141
1.967 0.418998
1.968 0.418854
1.969 0.418711
1.97 0.418567
1.971 0.418423
1.972 0.418279
1.973 0.418135
1.974 0.417991
1.975 0.417847
1.976 0.417703
1.977 0.417558
1.978 0.417414
1.979 0.417269
1.98 0.417125
1.981 0.41698
1.982 0.416835
1.983 0.41669
1.984 0.416545
1.985 0.4164
1.986 0.416255
1.987 0.41611
1.988 0.415965
1.989 0.415819
1.99 0.415674
1.991 0.415528
1.992 0.415382
1.993 0.415237
1.994 0.415091
1.995 0.414945
1.996 0.414799
1.997 0.414653
1.998 0.414506
1.999 0.41436
2 0.414214
